IR10_QD1_PS[I] =  4.50000000000000000E+001
IR10_QF2_PS[I] = -4.32400891758701036E+001
IR10_QD3_PS[I] = -2.80000000000000000E+002
IR10_TQ4_PS[I] = -6.77696096269498582E+001
IR10_TQ5_PS[I] =  6.95703838563253818E+000
IR10_TQ6_PS[I] = -6.81432003069987768E+000
IR10_QF6_PS[I] =  1.21237841526017391E+002
IR10_QD7_PS[I] =  1.63007088610363553E+002
IR10_QF8_PS[I] = -1.50000000000000000E+002
IR10_QD9_PS[I] =  1.02778967809118086E+002
YI10_QF1_PS[I] =  1.90000000000000000E+002
YI10_QD2_PS[I] =  1.40000000000000000E+002
YI10_QF3_PS[I] = -2.80000000000000000E+002
YI10_TQ4_PS[I] =  7.54304168177961571E+001
YI10_TQ5_PS[I] = -2.86731728250984261E+001
YI10_TQ6_PS[I] =  2.52032092657833395E+001
YI10_QD6_PS[I] =  4.50000000000000000E+001
YI10_QF7_PS[I] =  8.16259681699311841E+001
YI10_QF9_PS[I] = -4.50000000000000000E+001
YI10_Q89_PS[I] =  7.68304213477125852E+000
