IR10_QD1_PS = 2.00000000000000000E+001;
IR10_QF2_PS = -3.38863005800602268e+00;
IR10_QD3_PS = -2.80000000000000000E+002;
IR10_TQ4_PS = -5.38154629862805294e+01;
IR10_TQ5_PS = +1.29158511739567086e+01;
IR10_TQ6_PS = -3.50326952150297011e+00;
IR10_QF6_PS = +1.36384786370110135e+02;
IR10_QD7_PS = +1.01969426367724424e+02;
IR10_QF8_PS = -5.61107951331909049e+01;
IR10_QD9_PS = -3.98789304765170911e+01;
YI10_QF1_PS = 2.00000000000000000E+001;
YI10_QD2_PS = +2.39902010928989853e+01;
YI10_QF3_PS = -2.14233253921076624e+02;
YI10_TQ4_PS = +3.21530629427949037e+01;
YI10_TQ5_PS = -1.93552000051284012e+00;
YI10_TQ6_PS = +4.71380838230534338e-01;
YI10_QD6_PS = +1.36384786370110135e+02;
YI10_QF7_PS = +1.01969426367724424e+02;
YI10_QF9_PS = -2.00000000000000000E+001;
YI10_Q89_PS = -3.98789304765170911e+01;
