IR10_QD1_PS[I] =  2.00000000000000000E+001
IR10_QF2_PS[I] = -3.38863005800602268e+00
IR10_QD3_PS[I] = -2.80000000000000000E+002
IR10_TQ4_PS[I] = -5.38154629862805294e+01
IR10_TQ5_PS[I] = +1.29158511739567086e+01
IR10_TQ6_PS[I] = -3.50326952150297011e+00
IR10_QF6_PS[I] = +1.36384786370110135e+02
IR10_QD7_PS[I] = +1.01969426367724424e+02
IR10_QF8_PS[I] = -5.61107951331909049e+01
IR10_QD9_PS[I] = -3.98789304765170911e+01
YI10_QF1_PS[I] =  2.00000000000000000E+001
YI10_QD2_PS[I] = +2.39902010928989853e+01
YI10_QF3_PS[I] = -2.14233253921076624e+02
YI10_TQ4_PS[I] = +3.21530629427949037e+01
YI10_TQ5_PS[I] = -1.93552000051284012e+00
YI10_TQ6_PS[I] = +4.71380838230534338e-01
YI10_QD6_PS[I] = +1.36384786370110135e+02
YI10_QF7_PS[I] = +1.01969426367724424e+02
YI10_QF9_PS[I] = -2.00000000000000000E+001
YI10_Q89_PS[I] = -3.98789304765170911e+01
