IR10_QD1_PS[I] = +1.08736556640754358e+02
IR10_QF2_PS[I] = +5.27814401234093964e+01
IR10_QD3_PS[I] = -2.80000000000000000E+002
IR10_TQ4_PS[I] = -5.41081735141584872e+01
IR10_TQ5_PS[I] = +1.27811540832432264e+01
IR10_TQ6_PS[I] = -3.73033121959551561e+00
IR10_QF6_PS[I] = +8.04903381672084350e+01
IR10_QD7_PS[I] = +1.45045641811508887e+02
IR10_QF8_PS[I] = -2.00000000000000000E+001
IR10_QD9_PS[I] = +5.61976213437787209e+01
YI10_QF1_PS[I] =  2.00000000000000000E+001
YI10_QD2_PS[I] = +2.18127079869039200e+01
YI10_QF3_PS[I] = -1.81185312552658559e+02
YI10_TQ4_PS[I] = +2.74086847035707706e+01
YI10_TQ5_PS[I] = +1.14182400261411021e+00
YI10_TQ6_PS[I] = -3.51280480566942899e+00
YI10_QD6_PS[I] = +8.04903381672084350e+01
YI10_QF7_PS[I] = +1.45045641811508887e+02
YI10_QF9_PS[I] = -2.00000000000000000E+001
YI10_Q89_PS[I] = +5.61976213437787209e+01
