IR10_QD1_PS[I] =  1.90000000000000000E+002
IR10_QF2_PS[I] = +9.70610675264401834e+01
IR10_QD3_PS[I] = -2.80000000000000000E+002
IR10_TQ4_PS[I] = -6.22789156906560137e+01
IR10_TQ5_PS[I] = +1.96794913381981651e+01
IR10_TQ6_PS[I] = -8.83280721374107713e+00
IR10_QF6_PS[I] = +7.75410605621367779e+01
IR10_QD7_PS[I] = +1.61416076783265510e+02
IR10_QF8_PS[I] = -2.00000000000000000E+001
IR10_QD9_PS[I] = -4.05230471543219366e+01
YI10_QF1_PS[I] =  1.90000000000000000E+002
YI10_QD2_PS[I] = +8.41177553040278099e+01
YI10_QF3_PS[I] = -1.78019025796161401e+02
YI10_TQ4_PS[I] = +1.35754475631382245e+01
YI10_TQ5_PS[I] = +1.81954225726798953e+01
YI10_TQ6_PS[I] = -1.03761191893287608e+00
YI10_QD6_PS[I] = +7.75410605621367779e+01
YI10_QF7_PS[I] = +1.61416076783265510e+02
YI10_QF9_PS[I] = -2.00000000000000000E+001
YI10_Q89_PS[I] = -4.05230471543219366e+01
