IR10_QD1_PS[I] =  1.90000000000000000E+002
IR10_QF2_PS[I] = +9.62137199024517571e+01
IR10_QD3_PS[I] = -2.80000000000000000E+002
IR10_TQ4_PS[I] = -6.20534454876825521e+01
IR10_TQ5_PS[I] = +1.93679830191530193e+01
IR10_TQ6_PS[I] = -8.22377622227753591e+00
IR10_QF6_PS[I] = +7.58178216150548678e+01
IR10_QD7_PS[I] = +1.61157025773441234e+02
IR10_QF8_PS[I] = -2.00000000000000000E+001
IR10_QD9_PS[I] = -4.30339703687757549e+01
YI10_QF1_PS[I] =  1.90000000000000000E+002
YI10_QD2_PS[I] = +8.42019337411905013e+01
YI10_QF3_PS[I] = -1.77499031762604631e+02
YI10_TQ4_PS[I] = +1.34504959751022550e+01
YI10_TQ5_PS[I] = +1.84313188653838225e+01
YI10_TQ6_PS[I] = -1.09308014458400860e+00
YI10_QD6_PS[I] = +7.58178216150548678e+01
YI10_QF7_PS[I] = +1.61157025773441234e+02
YI10_QF9_PS[I] = -2.00000000000000000E+001
YI10_Q89_PS[I] = -4.30339703687757549e+01
