IR10_QD1_PS[I] =  2.00000000000000000E+001
IR10_QF2_PS[I] =  2.83073227762918620E+001
IR10_QD3_PS[I] = -2.80000000000000000E+002
IR10_TQ4_PS[I] = -4.85203643350401492E+001
IR10_TQ5_PS[I] =  1.51522485561232187E+001
IR10_TQ6_PS[I] = -1.23667736290710586E+001
IR10_QF6_PS[I] =  5.76827381011527578E+001
IR10_QD7_PS[I] =  2.17620472269877553E+002
IR10_QF8_PS[I] = -7.41781726579825857E+001
IR10_QD9_PS[I] =  5.89425989367598149E+001
YI10_QF1_PS[I] =  1.90000000000000000E+002
YI10_QD2_PS[I] =  1.38949305289565331E+002
YI10_QF3_PS[I] = -1.92274823377656844E+002
YI10_TQ4_PS[I] =  5.62374723467664097E+001
YI10_TQ5_PS[I] = -2.33495547414661324E+001
YI10_TQ6_PS[I] =  2.20928268621162651E+001
YI10_QD6_PS[I] =  4.50000000000000000E+001
YI10_QF7_PS[I] =  6.00000000000000000E+001
YI10_QF9_PS[I] = -2.00000000000000000E+001
YI10_Q89_PS[I] =  8.03721509931593303E-001
