IR10_QD1_PS[I] =  2.00000000000000000E+001
IR10_QF2_PS[I] = +2.76668917735953386e+01
IR10_QD3_PS[I] = -2.80000000000000000E+002
IR10_TQ4_PS[I] = -4.97242725647756600e+01
IR10_TQ5_PS[I] = +1.61195825027238158e+01
IR10_TQ6_PS[I] = -1.28839458093136479e+01
IR10_QF6_PS[I] =  5.76827381011527578E+001
IR10_QD7_PS[I] =  2.17620472269877553E+002
IR10_QF8_PS[I] = -7.41781726579825857E+001
IR10_QD9_PS[I] = +5.41903399831149954e+01
YI10_QF1_PS[I] =  1.90000000000000000E+002
YI10_QD2_PS[I] = +1.36612018529947392e+02
YI10_QF3_PS[I] = -1.92274823377656844E+002
YI10_TQ4_PS[I] = +5.46805149812626254e+01
YI10_TQ5_PS[I] = -2.19959013144449713e+01
YI10_TQ6_PS[I] = +1.99760914279820554e+01
YI10_QD6_PS[I] =  4.50000000000000000E+001
YI10_QF7_PS[I] =  6.00000000000000000E+001
YI10_QF9_PS[I] = -2.00000000000000000E+001
YI10_Q89_PS[I] = -7.75752923003586337e-01
