IR10_QD1_PS[I] = +1.04640147539271169e+02
IR10_QF2_PS[I] = +1.19494226435496209e+01
IR10_QD3_PS[I] = -2.80000000000000000E+002
IR10_TQ4_PS[I] = -5.26992408153848118e+01
IR10_TQ5_PS[I] = +1.58412924805870481e+00
IR10_TQ6_PS[I] = -1.45039195196793198e+01
IR10_QF6_PS[I] = +1.96714805444312134e+02
IR10_QD7_PS[I] = +1.32084567263139292e+02
IR10_QF8_PS[I] = -2.00000000000000000E+001
IR10_QD9_PS[I] = -3.00000000000000000E+001
YI10_QF1_PS[I] =  2.00000000000000000E+001
YI10_QD2_PS[I] = -1.64889894752660848e+00
YI10_QF3_PS[I] = -2.43294063820936259e+02
YI10_TQ4_PS[I] = +4.05683198613196225e+01
YI10_TQ5_PS[I] = +1.62287032971504086e+00
YI10_TQ6_PS[I] = +6.40841293664624079e+00
YI10_QD6_PS[I] = +1.96714805444312134e+02
YI10_QF7_PS[I] = +1.32084567263139292e+02
YI10_QF9_PS[I] = -2.00000000000000000E+001
YI10_Q89_PS[I] = -3.00000000000000000E+001
