IR10_QD1_PS[I] =  2.00000000000000000E+001
IR10_QF2_PS[I] = +3.30028194394891798e+01
IR10_QD3_PS[I] = -2.80000000000000000E+002
IR10_TQ4_PS[I] = -4.35273245393759041e+01
IR10_TQ5_PS[I] = +1.07088778017552073e+01
IR10_TQ6_PS[I] = -6.78558854260545985e+00
IR10_QF6_PS[I] =  5.76827381011527578E+001
IR10_QD7_PS[I] =  2.17620472269877553E+002
IR10_QF8_PS[I] = -7.41781726579825857E+001
IR10_QD9_PS[I] = +3.95878075812576071e+01
YI10_QF1_PS[I] =  1.90000000000000000E+002
YI10_QD2_PS[I] = +1.37823977384961381e+02
YI10_QF3_PS[I] = -1.92274823377656844E+002
YI10_TQ4_PS[I] = +5.34396222531122476e+01
YI10_TQ5_PS[I] = -1.58457692322132733e+01
YI10_TQ6_PS[I] = +2.24690240216226336e+01
YI10_QD6_PS[I] =  4.50000000000000000E+001
YI10_QF7_PS[I] =  6.00000000000000000E+001
YI10_QF9_PS[I] = -2.00000000000000000E+001
YI10_Q89_PS[I] = -3.16313786046154277e+01
