IR10_QD1_PS[I] =  2.00000000000000000E+001
IR10_QF2_PS[I] = +2.80946418705977869e+01
IR10_QD3_PS[I] = -2.80000000000000000E+002
IR10_TQ4_PS[I] = -4.69506618001617397e+01
IR10_TQ5_PS[I] = +1.40983499885102752e+01
IR10_TQ6_PS[I] = -1.08232357389829001e+01
IR10_QF6_PS[I] =  5.76827381011527578E+001
IR10_QD7_PS[I] =  2.17620472269877553E+002
IR10_QF8_PS[I] = -7.41781726579825857E+001
IR10_QD9_PS[I] = +4.61012373962683526e+01
YI10_QF1_PS[I] =  1.90000000000000000E+002
YI10_QD2_PS[I] = +1.37010783955778436e+02
YI10_QF3_PS[I] = -1.92274823377656844E+002
YI10_TQ4_PS[I] = +5.34222386257424589e+01
YI10_TQ5_PS[I] = -1.92321467497716121e+01
YI10_TQ6_PS[I] = +2.08159846894120086e+01
YI10_QD6_PS[I] =  4.50000000000000000E+001
YI10_QF7_PS[I] =  6.00000000000000000E+001
YI10_QF9_PS[I] = -2.00000000000000000E+001
YI10_Q89_PS[I] = -1.47560726077105446e+01
