IR12_QF1_PS[I] =  1.90000000000000000E+002
IR12_QD2_PS[I] = +8.42113381497202766e+01
IR12_QF3_PS[I] = -2.80000000000000000E+002
IR12_TQ4_PS[I] = +3.81309317162110801e+01
IR12_TQ5_PS[I] = -3.17307564673272480e-01
IR12_TQ6_PS[I] = +1.68798675622640637e+00
IR12_QD6_PS[I] =  9.31319683458893763E+001
IR12_QF7_PS[I] = +1.34051079905836104e+02
IR12_QF9_PS[I] = -6.37596847354914757e+01
IR12_Q89_PS[I] = -1.09215340651663362e+00
