IR12_QF1_PS[I] = +2.63109058883981731e+02
IR12_QD2_PS[I] = +1.14000723886388485e+02
IR12_QF3_PS[I] = -2.84713303771570338e+02
IR12_TQ4_PS[I] = +5.08902490176528985e+01
IR12_TQ5_PS[I] = -1.34380633023560492e+00
IR12_TQ6_PS[I] = -8.80762376786509038e-01
IR12_QD6_PS[I] =  4.50000000000000000E+001
IR12_QF7_PS[I] = +1.25819078915524344e+02
IR12_QF9_PS[I] = -4.50000000000000000E+001
IR12_Q89_PS[I] =  0.00000000000000000E+000
