IR12_QF1_PS[I] =  1.90000000000000000E+002
IR12_QD2_PS[I] = +7.50975742506208803e+01
IR12_QF3_PS[I] = -2.80000000000000000E+002
IR12_TQ4_PS[I] = +3.99965511122383930e+01
IR12_TQ5_PS[I] = +1.44686396251193128e+00
IR12_TQ6_PS[I] = +6.23305484529053988e+00
IR12_QD6_PS[I] =  9.31319683458893763E+001
IR12_QF7_PS[I] = +1.63388972731926117e+02
IR12_QF9_PS[I] = +2.40524351908549150e+01
IR12_Q89_PS[I] = +9.45156380559856224e+00
