IR12_QF1_PS[I] =  1.90000000000000000E+002
IR12_QD2_PS[I] =  8.28630753963454509E+001
IR12_QF3_PS[I] = -2.80000000000000000E+002
IR12_TQ4_PS[I] =  3.89498564794202053E+001
IR12_TQ5_PS[I] = -7.44280857359350900E-001
IR12_TQ6_PS[I] =  2.14853131009470832E+000
IR12_QD6_PS[I] =  9.31319683458893763E+001
IR12_QF7_PS[I] =  1.32519359691735417E+002
IR12_QF9_PS[I] = -5.54075931967121349E+001
IR12_Q89_PS[I] =  1.49295791293051816E+000
