IR12_QF1_PS = 1.90000000000000000E+002;
IR12_QD2_PS = +7.62100006921659912e+01;
IR12_QF3_PS = -1.21577556201822262e+02;
IR12_TQ4_PS = +1.83034292339977718e+01;
IR12_TQ5_PS = +1.45330611798135489e+01;
IR12_TQ6_PS = -1.12217740525138154e+01;
IR12_QD6_PS = 4.50000000000000000E+001;
IR12_QF7_PS = +9.63426657674969533e+01;
IR12_QF9_PS = -9.89509960895013307e+01;
IR12_Q89_PS = 3.00000000000000000E+001;
