IR12_QF1_PS[I] = +2.61775453755419903e+02
IR12_QD2_PS[I] = +1.13727765509255917e+02
IR12_QF3_PS[I] = -2.83262496083042777e+02
IR12_TQ4_PS[I] = +5.08487418684685650e+01
IR12_TQ5_PS[I] = -1.32872749930524892e+00
IR12_TQ6_PS[I] = -4.45952208068861655e-01
IR12_QD6_PS[I] =  4.50000000000000000E+001
IR12_QF7_PS[I] = +1.27411194858116332e+02
IR12_QF9_PS[I] = -4.50000000000000000E+001
IR12_Q89_PS[I] =  0.00000000000000000E+000
