IR12_QF1_PS[I] =  1.90000000000000000E+002
IR12_QD2_PS[I] = +7.86946362728479585e+01
IR12_QF3_PS[I] = -1.99154561411129862e+02
IR12_TQ4_PS[I] = +2.71590322969723665e+01
IR12_TQ5_PS[I] = +9.36896463405908619e+00
IR12_TQ6_PS[I] = -3.01445710754386464e+00
IR12_QD6_PS[I] =  4.50000000000000000E+001
IR12_QF7_PS[I] = +1.77048072098049175e+02
IR12_QF9_PS[I] = -4.79977651604893794e+01
IR12_Q89_PS[I] =  3.00000000000000000E+001
