IR12_QF1_PS[I] =  1.90000000000000000E+002
IR12_QD2_PS[I] = +8.45733287546097756e+01
IR12_QF3_PS[I] = -1.47808227856102405e+02
IR12_TQ4_PS[I] = +2.21193627583634438e+01
IR12_TQ5_PS[I] = +1.37150756618808405e+01
IR12_TQ6_PS[I] = -1.07952343646591391e+01
IR12_QD6_PS[I] =  4.50000000000000000E+001
IR12_QF7_PS[I] = +1.42417064724933027e+02
IR12_QF9_PS[I] = -7.05833525473024821e+01
IR12_Q89_PS[I] =  3.00000000000000000E+001
