IR12_QF1_PS[I] =  1.90000000000000000E+002
IR12_QD2_PS[I] = +7.76562836861433965e+01
IR12_QF3_PS[I] = -2.01954859712972620e+02
IR12_TQ4_PS[I] = +2.77674024609346084e+01
IR12_TQ5_PS[I] = +9.14957017843181752e+00
IR12_TQ6_PS[I] = -2.44362524116488844e+00
IR12_QD6_PS[I] =  4.50000000000000000E+001
IR12_QF7_PS[I] = +1.80041693354187856e+02
IR12_QF9_PS[I] = -4.61514026835720017e+01
IR12_Q89_PS[I] =  3.00000000000000000E+001
