IR2_Q1_I[I] = +1.02825812945506277e+03
IR2_Q2_I[I] = -4.95364031446236936e+02
IR2_Q3_I[I] = +5.80471416232086199e+02
IR2_Q4_I[I] = -7.70321412616685734e+02
IR2_Q5_I[I] = +3.50541139890140812e+02
IR2_Q6_I[I] = +7.39623971323124579e+02
IR2_Q7_I[I] = -8.69408833576319125e+02
IR2_Q8_I[I] = +6.62978572666142867e+01
IR2_Q9_I[I] = +4.74625244185475594e+02
