IR2_Q1_I[I] = +4.22602290300116081e+01
IR2_Q2_I[I] = +3.57402541936276577e+02
IR2_Q3_I[I] = -2.90241370432278984e+02
IR2_Q4_I[I] = -4.74130360492157138e+02
IR2_Q5_I[I] = +4.05635400037486022e+02
IR2_Q6_I[I] = +7.17013550294369452e+02
IR2_Q7_I[I] = -8.46506649723092096e+02
IR2_Q8_I[I] = +7.90539218422048435e+01
IR2_Q9_I[I] = +4.79961887152524582e+02
