IR2_Q1_I = +1.03017796555033101e+03;
IR2_Q2_I = -4.96101182838229988e+02;
IR2_Q3_I = +5.80684928588190587e+02;
IR2_Q4_I = -7.69629007033894823e+02;
IR2_Q5_I = +3.49979699708059741e+02;
IR2_Q6_I = +7.56609010461256958e+02;
IR2_Q7_I = -8.69919307101994946e+02;
IR2_Q8_I = +1.85502934941574651e+01;
IR2_Q9_I = +5.18375711692598429e+02;
