IR2_Q1_I[I] = +2.77987914135036966e+01
IR2_Q2_I[I] = +3.73017986522666376e+02
IR2_Q3_I[I] = -2.91867908084684871e+02
IR2_Q4_I[I] = -4.83529878403177577e+02
IR2_Q5_I[I] = +4.14085902467378105e+02
IR2_Q6_I[I] = +7.10540171532191380e+02
IR2_Q7_I[I] = -8.46014420556451228e+02
IR2_Q8_I[I] = +9.58511866166692528e+01
IR2_Q9_I[I] = +4.67003045360197916e+02
