IR2_Q1_I[I] = -2.46315061074920720E+001
IR2_Q2_I[I] =  4.10695218503039939E+002
IR2_Q3_I[I] = -2.83245973204840652E+002
IR2_Q4_I[I] = -5.20679760522502079E+002
IR2_Q5_I[I] =  4.37671858977920408E+002
IR2_Q6_I[I] =  7.17968411846888785E+002
IR2_Q7_I[I] = -8.47061781691816577E+002
IR2_Q8_I[I] =  7.88638258169695519E+001
IR2_Q9_I[I] =  4.97263477005653556E+002
