IR2_Q1_I[I] = +1.19691526491832629e+01
IR2_Q2_I[I] = +3.86402415523499940e+02
IR2_Q3_I[I] = -2.90883314004241413e+02
IR2_Q4_I[I] = -4.94346885340809308e+02
IR2_Q5_I[I] = +4.21887553120074756e+02
IR2_Q6_I[I] = +7.04000706931679701e+02
IR2_Q7_I[I] = -8.45329346147517299e+02
IR2_Q8_I[I] = +1.12105307617677653e+02
IR2_Q9_I[I] = +4.53892413655481050e+02
