IR2_Q1_I[I] = +1.02785395708582064e+03
IR2_Q2_I[I] = -4.95204323509227947e+02
IR2_Q3_I[I] = +5.80437480643044410e+02
IR2_Q4_I[I] = -7.70465719486885064e+02
IR2_Q5_I[I] = +3.50651584084717342e+02
IR2_Q6_I[I] = +7.30990377183682767e+02
IR2_Q7_I[I] = -8.68431769275332954e+02
IR2_Q8_I[I] = +8.78760941193554288e+01
IR2_Q9_I[I] = +4.53497314206147848e+02
