IR2_Q1_I[I] = +1.02801627320224793e+03
IR2_Q2_I[I] = -4.95264323469813689e+02
IR2_Q3_I[I] = +5.80461710321429905e+02
IR2_Q4_I[I] = -7.70406422992735997e+02
IR2_Q5_I[I] = +3.50599845521225177e+02
IR2_Q6_I[I] = +7.29678343313741152e+02
IR2_Q7_I[I] = -8.68183350114060318e+02
IR2_Q8_I[I] = +9.07350235439243278e+01
IR2_Q9_I[I] = +4.50519620319948501e+02
