IR2_Q1_I[I] = +9.62147945651871055e+02
IR2_Q2_I[I] = -4.69564692579174277e+02
IR2_Q3_I[I] = +5.70779767538861620e+02
IR2_Q4_I[I] = -7.94200811793675484e+02
IR2_Q5_I[I] = +3.71099626120630205e+02
IR2_Q6_I[I] = +7.39710020446317913e+02
IR2_Q7_I[I] = -8.93334540028587867e+02
IR2_Q8_I[I] = +1.57400183478235050e+02
IR2_Q9_I[I] = +4.17745062375656062e+02
