IR2_Q1_I[I] = +9.10594728268681486e+00
IR2_Q2_I[I] = +3.88578014597200252e+02
IR2_Q3_I[I] = -2.90514280195849267e+02
IR2_Q4_I[I] = -4.96347686370857559e+02
IR2_Q5_I[I] = +4.23210877539549074e+02
IR2_Q6_I[I] = +7.03857979814507985e+02
IR2_Q7_I[I] = -8.45343676927805291e+02
IR2_Q8_I[I] = +1.12605716636232970e+02
IR2_Q9_I[I] = +4.54112565146206521e+02
