YI3_QD6_PS[I] = +9.95548121351260988e+01
YI3_QF7_PS[I] = +2.12050956772478344e+02
Y4_Q89_PS[I] = +1.09497685559840164e+02
YI3_QF1_PS[I] = +8.04536940678124068e+01
YI3_QD2_PS[I] = +5.72512178862011112e+01
YI3_QF3_PS[I] = -2.80000000000000000E+002
YI3_TQ4_PS[I] = +4.03271362173781256e+01
YI3_TQ5_PS[I] =  0.00000000000000000E+000
YI3_TQ6_PS[I] = -5.22222728478878118e+00
YI3_QF9_PS[I] = -1.50000000000000000E+002
YO4_QD1_PS[I] = +1.59459727070039577e+02
YO4_QF2_PS[I] = +9.45999032750249285e+01
YO4_QD3_PS[I] = -2.80000000000000000E+002
YO4_TQ4_PS[I] = -3.89437066040511155e+01
YO4_TQ5_PS[I] =  0.00000000000000000E+000
YO4_TQ6_PS[I] =  0.00000000000000000E+000
YO4_QF8_PS[I] = -6.46831576948601139e+01
YO4_QF6_PS[I] = YI3_QD6_PS[I]
YO4_QD7_PS[I] = YI3_QF7_PS[I]
