YI3_QD6_PS[I] = +9.08941778767509589e+01
YI3_QF7_PS[I] = +1.63835492378181556e+02
Y4_Q89_PS[I] = +8.06265258490572450e+01
YI3_QF1_PS[I] = +9.78323202905389309e+01
YI3_QD2_PS[I] = +7.12878267683696976e+01
YI3_QF3_PS[I] = -2.80000000000000000E+002
YI3_TQ4_PS[I] = +3.89334256971322716e+01
YI3_TQ5_PS[I] =  0.00000000000000000E+000
YI3_TQ6_PS[I] = -6.34026062385245748e+00
YI3_QF9_PS[I] = -1.50000000000000000E+002
YO4_QD1_PS[I] = +1.72090636760960336e+02
YO4_QF2_PS[I] = +1.02076150780264896e+02
YO4_QD3_PS[I] = -2.80000000000000000E+002
YO4_TQ4_PS[I] = -3.83047060179970131e+01
YO4_TQ5_PS[I] =  0.00000000000000000E+000
YO4_TQ6_PS[I] =  0.00000000000000000E+000
YO4_QF8_PS[I] = -9.53757061730405127e+01
YO4_QF6_PS[I] = YI3_QD6_PS[I]
YO4_QD7_PS[I] = YI3_QF7_PS[I]
