YI3_QD6_PS[I] = +9.18194517972655859e+01
YI3_QF7_PS[I] = +1.67996863458095390e+02
Y4_Q89_PS[I] = +9.01974335164657930e+01
YI3_QF1_PS[I] = +9.48476563507030619e+01
YI3_QD2_PS[I] = +7.25735182652226030e+01
YI3_QF3_PS[I] = -2.80000000000000000E+002
YI3_TQ4_PS[I] = +3.87812458520221668e+01
YI3_TQ5_PS[I] =  0.00000000000000000E+000
YI3_TQ6_PS[I] = -6.34513574078022202e+00
YI3_QF9_PS[I] = -1.50000000000000000E+002
YO4_QD1_PS[I] = +1.75143829467586130e+02
YO4_QF2_PS[I] = +1.01262507924608855e+02
YO4_QD3_PS[I] = -2.80000000000000000E+002
YO4_TQ4_PS[I] = -3.86407557003531608e+01
YO4_TQ5_PS[I] =  0.00000000000000000E+000
YO4_TQ6_PS[I] =  0.00000000000000000E+000
YO4_QF8_PS[I] = -9.11638503844479828e+01
YO4_QF6_PS[I] = YI3_QD6_PS[I]
YO4_QD7_PS[I] = YI3_QF7_PS[I]
