YI3_QD6_PS[I] = +1.02490952920488851e+02
YI3_QF7_PS[I] = +2.11126878281923808e+02
Y4_Q89_PS[I] = +1.69205553872492061e+02
YI3_QF1_PS[I] = +5.46226446089836983e+01
YI3_QD2_PS[I] = +6.30405773378221852e+01
YI3_QF3_PS[I] = -2.80000000000000000E+002
YI3_TQ4_PS[I] = +3.87673259854938479e+01
YI3_TQ5_PS[I] =  0.00000000000000000E+000
YI3_TQ6_PS[I] = -6.10106865652119090e+00
YI3_QF9_PS[I] = -1.50000000000000000E+002
YO4_QD1_PS[I] = +1.79586030068445012e+02
YO4_QF2_PS[I] = +8.64523671716267188e+01
YO4_QD3_PS[I] = -2.80000000000000000E+002
YO4_TQ4_PS[I] = -4.15413731894462970e+01
YO4_TQ5_PS[I] =  0.00000000000000000E+000
YO4_TQ6_PS[I] =  0.00000000000000000E+000
YO4_QF8_PS[I] = -5.02697356941057052e+01
YO4_QF6_PS[I] = YI3_QD6_PS[I]
YO4_QD7_PS[I] = YI3_QF7_PS[I]
