YI3_QD6_PS[I] = +9.91946045337535054e+01
YI3_QF7_PS[I] = +2.10585702437496508e+02
Y4_Q89_PS[I] = +1.08776544255393006e+02
YI3_QF1_PS[I] = +8.12325015218911801e+01
YI3_QD2_PS[I] = +5.79664670300326037e+01
YI3_QF3_PS[I] = -2.80000000000000000E+002
YI3_TQ4_PS[I] = +4.02551303065077732e+01
YI3_TQ5_PS[I] =  0.00000000000000000E+000
YI3_TQ6_PS[I] = -5.26770484917043635e+00
YI3_QF9_PS[I] = -1.50000000000000000E+002
YO4_QD1_PS[I] = +1.60032165337473174e+02
YO4_QF2_PS[I] = +9.49313675787349922e+01
YO4_QD3_PS[I] = -2.80000000000000000E+002
YO4_TQ4_PS[I] = -3.89136811560744746e+01
YO4_TQ5_PS[I] =  0.00000000000000000E+000
YO4_TQ6_PS[I] =  0.00000000000000000E+000
YO4_QF8_PS[I] = -6.57690322379596921e+01
YO4_QF6_PS[I] = YI3_QD6_PS[I]
YO4_QD7_PS[I] = YI3_QF7_PS[I]
