YI3_QD6_PS[I] =  4.50000000000000000E+001
YI3_QF7_PS[I] = +1.32304782415213282e+02
Y4_Q89_PS[I] = -3.56579420994188325e+01
YI3_QF1_PS[I] =  2.00000000000000000E+001
YI3_QD2_PS[I] = -1.60213950715707583e+01
YI3_QF3_PS[I] = -2.13013545700003391e+02
YI3_TQ4_PS[I] = +4.60136451979955510e+01
YI3_TQ5_PS[I] = -3.41195743939375662e+00
YI3_TQ6_PS[I] = -5.59154560693306202e+00
YI3_QF9_PS[I] = -3.67369419959953589e+01
YO4_QD1_PS[I] =  2.00000000000000000E+001
YO4_QF2_PS[I] = -2.30362138164594832e+00
YO4_QD3_PS[I] = -1.96436381793892053e+02
YO4_TQ4_PS[I] = -4.14765959415184611e+01
YO4_TQ5_PS[I] = +2.74968435255958443e+00
YO4_TQ6_PS[I] = -7.58292783790429858e-01
YO4_QF8_PS[I] = -2.00000000000000000E+001
YO4_QF6_PS[I] = YI3_QD6_PS[I]
YO4_QD7_PS[I] = YI3_QF7_PS[I]
