YI3_QD6_PS[I] = +9.18272916791738396e+01
YI3_QF7_PS[I] = +1.67376155900969792e+02
Y4_Q89_PS[I] = +9.14335204615055801e+01
YI3_QF1_PS[I] = +9.44740779664517021e+01
YI3_QD2_PS[I] = +7.30905722679073193e+01
YI3_QF3_PS[I] = -2.80000000000000000E+002
YI3_TQ4_PS[I] = +3.87213478452912554e+01
YI3_TQ5_PS[I] =  0.00000000000000000E+000
YI3_TQ6_PS[I] = -6.37456871875935249e+00
YI3_QF9_PS[I] = -1.50000000000000000E+002
YO4_QD1_PS[I] = +1.76096928192859906e+02
YO4_QF2_PS[I] = +1.01205032357860262e+02
YO4_QD3_PS[I] = -2.80000000000000000E+002
YO4_TQ4_PS[I] = -3.87109023397576237e+01
YO4_TQ5_PS[I] =  0.00000000000000000E+000
YO4_TQ6_PS[I] =  0.00000000000000000E+000
YO4_QF8_PS[I] = -9.10648126746389863e+01
YO4_QF6_PS[I] = YI3_QD6_PS[I]
YO4_QD7_PS[I] = YI3_QF7_PS[I]
