YI3_QD6_PS[I] = +8.99762343537654488e+01
YI3_QF7_PS[I] = +1.59592480881090722e+02
Y4_Q89_PS[I] = +7.01081995908497078e+01
YI3_QF1_PS[I] = +1.00536008634610454e+02
YI3_QD2_PS[I] = +6.90501632731607771e+01
YI3_QF3_PS[I] = -2.80000000000000000E+002
YI3_TQ4_PS[I] = +3.91543623441440616e+01
YI3_TQ5_PS[I] =  0.00000000000000000E+000
YI3_TQ6_PS[I] = -6.31356303836191834e+00
YI3_QF9_PS[I] = -1.50000000000000000E+002
YO4_QD1_PS[I] = +1.67705672461850838e+02
YO4_QF2_PS[I] = +1.02562024617477533e+02
YO4_QD3_PS[I] = -2.80000000000000000E+002
YO4_TQ4_PS[I] = -3.79404800085963174e+01
YO4_TQ5_PS[I] =  0.00000000000000000E+000
YO4_TQ6_PS[I] =  0.00000000000000000E+000
YO4_QF8_PS[I] = -9.98444390867968963e+01
YO4_QF6_PS[I] = YI3_QD6_PS[I]
YO4_QD7_PS[I] = YI3_QF7_PS[I]
