YI3_QD6_PS[I] =  4.50000000000000000E+001
YI3_QF7_PS[I] = +1.52148477275315685e+02
Y4_Q89_PS[I] = +3.25746032548810973e+01
YI3_QF1_PS[I] =  2.00000000000000000E+001
YI3_QD2_PS[I] = -1.17747804042285491e+01
YI3_QF3_PS[I] = -2.11305984576254701e+02
YI3_TQ4_PS[I] = +4.63671405199931286e+01
YI3_TQ5_PS[I] = -4.30953604745499241e+00
YI3_TQ6_PS[I] = -8.20702485706938489e+00
YI3_QF9_PS[I] = -6.73220026915814174e+01
YO4_QD1_PS[I] =  2.00000000000000000E+001
YO4_QF2_PS[I] = +2.45835812037175288e+01
YO4_QD3_PS[I] = -1.71623866472523588e+02
YO4_TQ4_PS[I] = -2.73179134315842909e+01
YO4_TQ5_PS[I] = -7.70754643837734732e-01
YO4_TQ6_PS[I] = +3.10620413190590527e+00
YO4_QF8_PS[I] = -2.00000000000000000E+001
YO4_QF6_PS[I] = YI3_QD6_PS[I]
YO4_QD7_PS[I] = YI3_QF7_PS[I]
