Q1APF[K1] = -1.16374358964246943E-001
Q1BPF[K1] =  0.00000000000000000E+000
Q2PF[K1] =  3.84071181100565581E-002
Q3PF[K1] =  4.89066443807434185E-003
YI6_QD2_I[I] = +6.94746475720158116e+01
BO3_QF8_I[I] = +8.45059591735342337e+02
YO5_QF4_I[I] = +2.86823470172616794e+02
BI5_QD8_I[I] = +6.34753744900825041e+02
YO5_QD7_I[I] = +7.94316316588376139e+02
YO5_QF8_I[I] = -6.64652952323503200e+02
YO5_QD9_I[I] = +6.86441066215493947e+02
H5_Q11_I[I] = +8.01947096083620750e+02
yo5_tq%_i[i] = 0
Q1APR[K1] = -1.45470670501909372E-001
Q1BPR[K1] =  0.00000000000000000E+000
Q2PR[K1] =  3.16650702275956403E-002
Q3PR[K1] = -1.05150491979221061E-002
Q4PR[K1] = +1.79943835281780248e-02
Q5PR[K1] = -8.16272667454095713e-02
YI6_QD4_I[I] =  6.89356333582556431E+002
YI6_QF5_I[I] = -1.21088735342282757e+03
YI6_QD6_I[I] = +1.12453860992204022e+03
YI6_QF7_I[I] = -6.37851469357582346e+02
YI6_QD8_I[I] = -7.89763962603565005e+02
YI6_QF9_I[I] =  1.06514458624498320E+003
yi6_tq%_i[i] = 0
B0APF[DB_FIELD] = -2.57273353557232864E+000
B1PF[DB_FIELD] =  5.83024641640097152E-001
