Q1APF[K1] = -1.17163057435674456E-001
Q1BPF[K1] = 0
Q2PF[K1] =  3.85029653773557787E-002
Q3PF[K1] =  4.46187092073611121E-003
YI6_QD2_I[I] =  7.42780039944593256E+001
BO3_QF8_I[I] =  7.34073473679284348E+002
YO5_QF4_I[I] = +2.03807226575161735e+02
BI5_QD8_I[I] = +4.24969677473593038e+02
YO5_QD7_I[I] = +8.23251777246882511e+02
YO5_QF8_I[I] = -6.93709489078619413e+02
YO5_QD9_I[I] = +6.88661552054144977e+02
H5_Q11_I[I] = +8.06839664319981352e+02
yo5_tq%_i[i] = 0
Q1APR[K1] = -1.44738890526418557E-001
Q1BPR[K1] =  0.00000000000000000E+000
Q2PR[K1] =  3.16050039757090687E-002
Q3PR[K1] = -1.01238881959535669E-002
Q4PR[K1] = +1.91268550040775524e-02
Q5PR[K1] = -6.76090266585989974e-02
YI6_QD4_I[I] =  7.60049507252423268E+002
YI6_QF5_I[I] = -1.19442445203129296e+03
YI6_QD6_I[I] = +1.13362967638381724e+03
YI6_QF7_I[I] = -5.80466149115848566e+02
YI6_QD8_I[I] = -7.78292404402301258e+02
YI6_QF9_I[I] =  1.07638168310833885E+003
yi6_tq%_i[i] = 0
B0APF[DB_FIELD] = -2.57397339853808749E+000
B1PF[DB_FIELD] =  5.82852589906154517E-001
