Q1APF[K1] = -8.23249464099316680E-02
Q1BPF[K1] =  -4.76600286119393604E-02
Q2PF[K1] =  4.47765490073153902E-002
Q3PF[K1] =  7.86598319140893731E-003
YI6_QD2_I[I] = -3.23924398220208900E+001
BO3_QF8_I[I] =  8.14118471315574538E+002
YO5_QF4_I[I] =  3.51037345210024625E+002
BI5_QD8_I[I] =  7.06181024366858651E+002
YO5_QD7_I[I] =  8.59119190209704129E+002
YO5_QF8_I[I] = -7.10487281096986749E+002
YO5_QD9_I[I] =  7.18743892929639060E+002
H5_Q11_I[I] =  8.71489935831790262E+002
yo5_tq%_i[i] = 0
Q1APR[K1] = -1.04031784790446724E-001
Q1BPR[K1] = -1.04031784790446724E-001
Q2PR[K1] =  3.67704241326060888E-002
Q3PR[K1] = -1.88541526682124596E-003
Q4PR[K1] =  6.82329036483270059E-003
Q5PR[K1] = -7.18655955268310276E-002
YI6_QD4_I[I] =  6.15544935411248161E+002
YI6_QF5_I[I] = -1.09251052853766282E+003
YI6_QD6_I[I] =  1.10969106819539957E+003
YI6_QF7_I[I] = -4.55360824497023714E+002
YI6_QD8_I[I] = -6.92371952636733681E+002
YI6_QF9_I[I] =  1.07522551035066499E+003
yi6_tq%_i[i] = 0
B0APF[DB_FIELD] = -2.55827849601210966E+000
B1PF[DB_FIELD] =  5.76364952195152602E-001
