Q1APF[K1] = -1.17163057435674456E-001
Q1BPF[K1] = 0
Q2PF[K1] =  3.85029653773557787E-002
Q3PF[K1] =  4.46187092073611121E-003
YI6_QD2_I[I] = +7.39422362245715874e+01
BO3_QF8_I[I] = +7.17037562707134953e+02
YO5_QF4_I[I] = +2.19207411490760876e+02
BI5_QD8_I[I] = +4.69415479238722753e+02
YO5_QD7_I[I] = +8.32341279611454524e+02
YO5_QF8_I[I] = -6.67892594090326384e+02
YO5_QD9_I[I] = +6.53319579286558564e+02
H5_Q11_I[I] = +7.42496962523134698e+02
yo5_tq%_i[i] = 0
Q1APR[K1] = -1.45470670501909372E-001
Q1BPR[K1] =  0.00000000000000000E+000
Q2PR[K1] =  3.16650702275956403E-002
Q3PR[K1] = -1.05150491979221061E-002
Q4PR[K1] = +1.92127085698465642e-02
Q5PR[K1] = -6.93271551195693003e-02
YI6_QD4_I[I] =  6.89356333582556431E+002
YI6_QF5_I[I] = -1.14500840805381085e+03
YI6_QD6_I[I] = +1.07876443731838367e+03
YI6_QF7_I[I] = -3.31009909213695323e+02
YI6_QD8_I[I] = -7.62782877308319257e+02
YI6_QF9_I[I] =  1.06514458624498320E+003
yi6_tq%_i[i] = 0
B0APF[DB_FIELD] = -2.57397339853808749E+000
B1PF[DB_FIELD] =  5.82852589906154517E-001
