Q1APF[K1] = -8.23537721601354800E-02
Q1BPF[K1] = -4.76767165800387610E-02
Q2PF[K1] =  4.47461753868389905E-002
Q3PF[K1] =  8.86279307830216932E-003
YI6_QD2_I[I] = -5.22817891139725006E+001
BO3_QF8_I[I] =  7.95251182405235568E+002
YO5_QF4_I[I] =  3.93934553207236320E+002
BI5_QD8_I[I] =  7.36814443003793940E+002
YO5_QD7_I[I] =  8.71196587552985420E+002
YO5_QF8_I[I] = -7.18130222235102451E+002
YO5_QD9_I[I] =  7.04120745425169730E+002
H5_Q11_I[I] =  8.94706233509083859E+002
yo5_tq%_i[i] = 0
Q1APR[K1] = -1.03946482233821941E-001
Q1BPR[K1] = -1.03946482233821941E-001
Q2PR[K1] =  3.68144419381607677E-002
Q3PR[K1] = -4.05010903614497469E-003
Q4PR[K1] =  1.06561342786971030E-002
Q5PR[K1] = -7.19133374458011260E-002
YI6_QD4_I[I] =  6.15722345293206558E+002
YI6_QF5_I[I] = -1.09280201968071879E+003
YI6_QD6_I[I] =  1.10971592367518019E+003
YI6_QF7_I[I] = -4.56622771809692438E+002
YI6_QD8_I[I] = -6.91582811324334330E+002
YI6_QF9_I[I] =  1.07509161301725499E+003
yi6_tq%_i[i] = 0
B0APF[DB_FIELD] = -2.55813692922065794E+000
B1PF[DB_FIELD] =  5.76408007766913588E-001
