Q1APF[K1] = -1.16374358964246943E-001
Q1BPF[K1] =  0.00000000000000000E+000
Q2PF[K1] =  3.84071181100565581E-002
Q3PF[K1] =  4.89066443807434185E-003
YI6_QD2_I[I] = +7.15309816971527397e+01
BO3_QF8_I[I] = +8.48906959750226065e+02
YO5_QF4_I[I] = +2.88121929559350576e+02
BI5_QD8_I[I] = +6.34990317602284676e+02
YO5_QD7_I[I] = +8.02881878621152737e+02
YO5_QF8_I[I] = -6.70303483506646444e+02
YO5_QD9_I[I] = +6.92999351223337158e+02
H5_Q11_I[I] = +8.23597850716115886e+02
yo5_tq%_i[i] = 0
Q1APR[K1] = -1.45038018113101019E-001
Q1BPR[K1] =  0.00000000000000000E+000
Q2PR[K1] =  3.16295998579584833E-002
Q3PR[K1] = -1.02837613516922992E-002
Q4PR[K1] = +1.85370976784203882e-02
Q5PR[K1] = -6.90616900267749662e-02
YI6_QD4_I[I] =  6.12566900545459134E+002
YI6_QF5_I[I] = -1.21136063983960753e+03
YI6_QD6_I[I] = +1.08442741284781050e+03
YI6_QF7_I[I] = -7.26134006532846911e+02
YI6_QD8_I[I] = -6.28598087679684113e+02
YI6_QF9_I[I] =  1.06044468889966333E+003
yi6_tq%_i[i] = 0
B0APF[DB_FIELD] = -2.57273353557232864E+000
B1PF[DB_FIELD] =  5.83024641640097152E-001
