Q1APF[K1] = -8.23249464099316680E-02
Q1BPF[K1] =  -4.76600286119393604E-02
Q2PF[K1] =  4.47765490073153902E-002
Q3PF[K1] =  7.86598319140893731E-003
YI6_QD2_I[I] = -3.23924398220208900E+001
BO3_QF8_I[I] =  8.14118471315574538E+002
YO5_QF4_I[I] =  3.51037345210024625E+002
BI5_QD8_I[I] =  7.06181024366858651E+002
YO5_QD7_I[I] =  8.59119190209704129E+002
YO5_QF8_I[I] = -7.10487281096986749E+002
YO5_QD9_I[I] =  7.18743892929639060E+002
H5_Q11_I[I] =  8.71489935831790262E+002
yo5_tq%_i[i] = 0
Q1APR[K1] = -8.72533420003520355E-002
Q1BPR[K1] = -8.72533420003520355E-002
Q2PR[K1] =  3.66458422734308176E-002
Q3PR[K1] = -6.86494075138382055E-003
Q4PR[K1] =  9.85611651790858391E-003
Q5PR[K1] = -7.20048546787212390E-002
YI6_QD4_I[I] =  6.15616218105433973E+002
YI6_QF5_I[I] = -1.09251526757268653E+003
YI6_QD6_I[I] =  1.10955309284068449E+003
YI6_QF7_I[I] = -4.55659505694400480E+002
YI6_QD8_I[I] = -6.92016301755704148E+002
YI6_QF9_I[I] =  1.07516827903304511E+003
yi6_tq%_i[i] = 0
B0APF[DB_FIELD] = -2.55827849601210966E+000
B1PF[DB_FIELD] =  5.76364952195152602E-001
