Q1APF[K1] = -1.16374358964246943E-001
Q1BPF[K1] =  0.00000000000000000E+000
Q2PF[K1] =  3.84071181100565581E-002
Q3PF[K1] =  4.89066443807434185E-003
YI6_QD2_I[I] = +6.97850492452160012e+01
BO3_QF8_I[I] = +8.45525760579665075e+02
YO5_QF4_I[I] = +2.86974752357739476e+02
BI5_QD8_I[I] = +6.34978725610414131e+02
YO5_QD7_I[I] = +7.95626035557972045e+02
YO5_QF8_I[I] = -6.65509325642623821e+02
YO5_QD9_I[I] = +6.87278042794666362e+02
H5_Q11_I[I] = +8.04684136474212551e+02
yo5_tq%_i[i] = 0
Q1APR[K1] = -1.45038018113101019E-001
Q1BPR[K1] =  0.00000000000000000E+000
Q2PR[K1] =  3.16295998579584833E-002
Q3PR[K1] = -1.02837613516922992E-002
Q4PR[K1] = +1.80928316117952293e-02
Q5PR[K1] = -7.17166499691838655e-02
YI6_QD4_I[I] =  6.12566900545459134E+002
YI6_QF5_I[I] = -1.21609980422498052e+03
YI6_QD6_I[I] = +1.09311952410189542e+03
YI6_QF7_I[I] = -7.15028656609354016e+02
YI6_QD8_I[I] = -6.64897809851954321e+02
YI6_QF9_I[I] =  1.06044468889966333E+003
yi6_tq%_i[i] = 0
B0APF[DB_FIELD] = -2.57273353557232864E+000
B1PF[DB_FIELD] =  5.83024641640097152E-001
