Y8_Q6_PS[I] = +9.95546175106223927e+01
Y8_Q7_PS[I] = +2.12051026528757859e+02
Y8_Q89_PS[I] = +1.09497805605126118e+02
YI7_QF1_PS[I] = +8.04539135926438718e+01
YI7_QD2_PS[I] = +5.72516221049031273e+01
YI7_QF3_PS[I] = -2.80000000000000000E+002
YI7_TQ4_PS[I] = +4.03271149195114162e+01
YI7_TQ5_PS[I] =  0.00000000000000000E+000
YI7_TQ6_PS[I] = -5.22224623577824509e+00
YI7_QF9_PS[I] = -1.50000000000000000E+002
YO8_QD1_PS[I] = +1.59465957718003807e+02
YO8_QF2_PS[I] = +9.46019625680661989e+01
YO8_QD3_PS[I] = -2.80000000000000000E+002
YO8_TQ4_PS[I] = -3.89436809331275171e+01
YO8_TQ5_PS[I] =  0.00000000000000000E+000
YO8_TQ6_PS[I] =  0.00000000000000000E+000
YO8_QF8_PS[I] = -6.46833949915679796e+01
