Y8_Q6_PS = 4.50000000000000000E+001;
Y8_Q7_PS = +1.32304960829634467e+02;
Y8_Q89_PS = -3.56571181440868514e+01;
YI7_QF1_PS = 2.00000000000000000E+001;
YI7_QD2_PS = -1.60193193837559313e+01;
YI7_QF3_PS = -2.13013005799511177e+02;
YI7_TQ4_PS = +4.60140584485820838e+01;
YI7_TQ5_PS = -3.41217873755441170e+00;
YI7_TQ6_PS = -5.59158072664068850e+00;
YI7_QF9_PS = -3.67375676496621750e+01;
YO8_QD1_PS = 2.00000000000000000E+001;
YO8_QF2_PS = -2.30447976266281529e+00;
YO8_QD3_PS = -1.96434008664437584e+02;
YO8_TQ4_PS = -4.14765147026070267e+01;
YO8_TQ5_PS = +2.75012501028450584e+00;
YO8_TQ6_PS = -7.58293379811807444e-01;
YO8_QF8_PS = -2.00000000000000000E+001;
