Y8_Q6_PS[I] = +8.99761940081943408e+01
Y8_Q7_PS[I] = +1.59592443882680186e+02
Y8_Q89_PS[I] = +7.01082135163292435e+01
YI7_QF1_PS[I] = +1.00535921003865255e+02
YI7_QD2_PS[I] = +6.90501606553077636e+01
YI7_QF3_PS[I] = -2.80000000000000000E+002
YI7_TQ4_PS[I] = +3.91543567321914807e+01
YI7_TQ5_PS[I] =  0.00000000000000000E+000
YI7_TQ6_PS[I] = -6.31357023497539505e+00
YI7_QF9_PS[I] = -1.50000000000000000E+002
YO8_QD1_PS[I] = +1.67711650725820874e+02
YO8_QF2_PS[I] = +1.02563921551351754e+02
YO8_QD3_PS[I] = -2.80000000000000000E+002
YO8_TQ4_PS[I] = -3.79404639249194346e+01
YO8_TQ5_PS[I] =  0.00000000000000000E+000
YO8_TQ6_PS[I] =  0.00000000000000000E+000
YO8_QF8_PS[I] = -9.98445241683327254e+01
