Y8_Q6_PS[I] =  4.50000000000000000E+001
Y8_Q7_PS[I] = +1.52148684279472008e+02
Y8_Q89_PS[I] = +3.25747843436755105e+01
YI7_QF1_PS[I] =  2.00000000000000000E+001
YI7_QD2_PS[I] = -1.17728703863338318e+01
YI7_QF3_PS[I] = -2.11305631432799885e+02
YI7_TQ4_PS[I] = +4.63675785836643044e+01
YI7_TQ5_PS[I] = -4.30975451856589853e+00
YI7_TQ6_PS[I] = -8.20704691175315837e+00
YI7_QF9_PS[I] = -6.73221587647186936e+01
YO8_QD1_PS[I] =  2.00000000000000000E+001
YO8_QF2_PS[I] = +2.45823238665599355e+01
YO8_QD3_PS[I] = -1.71622184399073944e+02
YO8_TQ4_PS[I] = -2.73180558902705393e+01
YO8_TQ5_PS[I] = -7.70345156950050458e-01
YO8_TQ6_PS[I] = +3.10623369541962147e+00
YO8_QF8_PS[I] = -2.00000000000000000E+001
