Y8_Q6_PS[I] = +9.18193879271821771e+01
Y8_Q7_PS[I] = +1.67996847551290529e+02
Y8_Q89_PS[I] = +9.01974519166597446e+01
YI7_QF1_PS[I] = +9.48478933122160868e+01
YI7_QD2_PS[I] = +7.25740504392671539e+01
YI7_QF3_PS[I] = -2.80000000000000000E+002
YI7_TQ4_PS[I] = +3.87812381295956143e+01
YI7_TQ5_PS[I] =  0.00000000000000000E+000
YI7_TQ6_PS[I] = -6.34514343978596429e+00
YI7_QF9_PS[I] = -1.50000000000000000E+002
YO8_QD1_PS[I] = +1.75150729019036874e+02
YO8_QF2_PS[I] = +1.01264706903941374e+02
YO8_QD3_PS[I] = -2.80000000000000000E+002
YO8_TQ4_PS[I] = -3.86407371693075774e+01
YO8_TQ5_PS[I] =  0.00000000000000000E+000
YO8_TQ6_PS[I] =  0.00000000000000000E+000
YO8_QF8_PS[I] = -9.11639406569764361e+01
