Y8_Q6_PS[I] = +9.91944139812886192e+01
Y8_Q7_PS[I] = +2.10585769309380453e+02
Y8_Q89_PS[I] = +1.08776661438048123e+02
YI7_QF1_PS[I] = +8.12327230898510209e+01
YI7_QD2_PS[I] = +5.79668772369703618e+01
YI7_QF3_PS[I] = -2.80000000000000000E+002
YI7_TQ4_PS[I] = +4.02551093600270633e+01
YI7_TQ5_PS[I] =  0.00000000000000000E+000
YI7_TQ6_PS[I] = -5.26772348621810060e+00
YI7_QF9_PS[I] = -1.50000000000000000E+002
YO8_QD1_PS[I] = +1.60038423604293314e+02
YO8_QF2_PS[I] = +9.49334335281741488e+01
YO8_QD3_PS[I] = -2.80000000000000000E+002
YO8_TQ4_PS[I] = -3.89136556387144452e+01
YO8_TQ5_PS[I] =  0.00000000000000000E+000
YO8_TQ6_PS[I] =  0.00000000000000000E+000
YO8_QF8_PS[I] = -6.57692656233447224e+01
