Y8_Q6_PS[I] = +9.18272299598069992e+01
Y8_Q7_PS[I] = +1.67376139197452034e+02
Y8_Q89_PS[I] = +9.14335358341225088e+01
YI7_QF1_PS[I] = +9.44743388065770233e+01
YI7_QD2_PS[I] = +7.30911469739041024e+01
YI7_QF3_PS[I] = -2.80000000000000000E+002
YI7_TQ4_PS[I] = +3.87213404703067212e+01
YI7_TQ5_PS[I] =  0.00000000000000000E+000
YI7_TQ6_PS[I] = -6.37457608188639924e+00
YI7_QF9_PS[I] = -1.50000000000000000E+002
YO8_QD1_PS[I] = +1.76103909824394833e+02
YO8_QF2_PS[I] = +1.01207255632637185e+02
YO8_QD3_PS[I] = -2.80000000000000000E+002
YO8_TQ4_PS[I] = -3.87108839049413760e+01
YO8_TQ5_PS[I] =  0.00000000000000000E+000
YO8_TQ6_PS[I] =  0.00000000000000000E+000
YO8_QF8_PS[I] = -9.10648982770214985e+01
