Y8_Q6_PS[I] =  9.07342321964854079E+001
Y8_Q7_PS[I] =  1.39492970347759410E+002
Y8_Q89_PS[I] =  9.60566513944303750E+001
YI7_QF1_PS[I] =  8.99800426013781021E+001
YI7_QD2_PS[I] =  8.06023186863137795E+001
YI7_QF3_PS[I] = -2.80000000000000000E+002
YI7_TQ4_PS[I] =  3.76811525862903096E+001
YI7_TQ5_PS[I] =  0.00000000000000000E+000
YI7_TQ6_PS[I] = -6.91912185930431711E+000
YI7_QF9_PS[I] = -1.50000000000000000E+002
YO8_QD1_PS[I] =  1.89285272717054141E+002
YO8_QF2_PS[I] =  9.99488169882207558E+001
YO8_QD3_PS[I] = -2.80000000000000000E+002
YO8_TQ4_PS[I] = -3.98467196837944542E+001
YO8_TQ5_PS[I] =  0.00000000000000000E+000
YO8_TQ6_PS[I] =  0.00000000000000000E+000
YO8_QF8_PS[I] = -9.89192347241793328E+001
