Y8_Q6_PS[I] = +1.02490728943855785e+02
Y8_Q7_PS[I] = +2.11126965260778462e+02
Y8_Q89_PS[I] = +1.69205630417655243e+02
YI7_QF1_PS[I] = +5.46237244841650167e+01
YI7_QD2_PS[I] = +6.30422623414034291e+01
YI7_QF3_PS[I] = -2.80000000000000000E+002
YI7_TQ4_PS[I] = +3.87673098167843051e+01
YI7_TQ5_PS[I] =  0.00000000000000000E+000
YI7_TQ6_PS[I] = -6.10108409637367011e+00
YI7_QF9_PS[I] = -1.50000000000000000E+002
YO8_QD1_PS[I] = +1.79594376036889884e+02
YO8_QF2_PS[I] = +8.64551082135363345e+01
YO8_QD3_PS[I] = -2.80000000000000000E+002
YO8_TQ4_PS[I] = -4.15413429409593675e+01
YO8_TQ5_PS[I] =  0.00000000000000000E+000
YO8_TQ6_PS[I] =  0.00000000000000000E+000
YO8_QF8_PS[I] = -5.02699299390609724e+01
