Y8_Q6_PS[I] = +9.08941253011551851e+01
Y8_Q7_PS[I] = +1.63835466716576690e+02
Y8_Q89_PS[I] = +8.06265418212847749e+01
YI7_QF1_PS[I] = +9.78324172293245766e+01
YI7_QD2_PS[I] = +7.12881291688562584e+01
YI7_QF3_PS[I] = -2.80000000000000000E+002
YI7_TQ4_PS[I] = +3.89334188568148534e+01
YI7_TQ5_PS[I] =  0.00000000000000000E+000
YI7_TQ6_PS[I] = -6.34026803898098290e+00
YI7_QF9_PS[I] = -1.50000000000000000E+002
YO8_QD1_PS[I] = +1.72097150409350888e+02
YO8_QF2_PS[I] = +1.02078223012864086e+02
YO8_QD3_PS[I] = -2.80000000000000000E+002
YO8_TQ4_PS[I] = -3.83046885719418313e+01
YO8_TQ5_PS[I] =  0.00000000000000000E+000
YO8_TQ6_PS[I] =  0.00000000000000000E+000
YO8_QF8_PS[I] = -9.53757933006495762e+01
