Y8_Q6_PS[I] =  9.07341792554939985E+001
Y8_Q7_PS[I] =  1.39493038416587353E+002
Y8_Q89_PS[I] =  9.60567315978526892E+001
YI7_QF1_PS[I] =  8.99795922617755792E+001
YI7_QD2_PS[I] =  8.06013089180196829E+001
YI7_QF3_PS[I] = -2.80000000000000000E+002
YI7_TQ4_PS[I] =  3.76811470265289827E+001
YI7_TQ5_PS[I] =  0.00000000000000000E+000
YI7_TQ6_PS[I] = -6.91912590653794091E+000
YI7_QF9_PS[I] = -1.50000000000000000E+002
YO8_QD1_PS[I] =  1.89277346087860082E+002
YO8_QF2_PS[I] =  9.99463653403667536E+001
YO8_QD3_PS[I] = -2.80000000000000000E+002
YO8_TQ4_PS[I] = -3.98467288952218723E+001
YO8_TQ5_PS[I] =  0.00000000000000000E+000
YO8_TQ6_PS[I] =  0.00000000000000000E+000
YO8_QF8_PS[I] = -9.89193118393868076E+001
