YO9_QD1_PS[I] =  5.73593428244852888E+001
YO9_QF2_PS[I] =  1.02100118357667967E+002
YO9_QD3_PS[I] = -5.89837815075145926E+001
YO9_TQ4_PS[I] =  1.31819488820601620E+001
YO9_TQ5_PS[I] = -5.16964262332504276E+001
YO9_TQ6_PS[I] =  4.70280363455947921E+001
YO9_QF6_PS[I] =  1.25905742305282899E+002
YO9_QD7_PS[I] =  2.62551369827198073E+002
YO9_QF8_PS[I] = -4.65275034083123202E+001
YO9_QD9_PS[I] = -1.06469838721548804E+001
YI10_QF1_PS[I] =  7.63713793997520156E+001
YI10_QD2_PS[I] =  8.49640576906446938E+001
YI10_QF3_PS[I] = -4.13511675765025828E+001
YI10_TQ4_PS[I] = -3.33384789033022780E-002
YI10_TQ5_PS[I] =  4.34719983894548534E+001
YI10_TQ6_PS[I] = -4.85268303566912991E+001
YI10_QD6_PS[I] =  1.25905742305282899E+002
YI10_QF7_PS[I] =  2.62551369827198073E+002
YI10_QF9_PS[I] = -8.11224358372713255E+001
YI10_Q89_PS[I] = -1.06469838721548804E+001
