Y12_Q6_PS[I] =  4.35439479328537473E+001
Y12_Q7_PS[I] =  5.01642589961228907E+002
Y12_Q89_PS[I] =  2.79999999998366093E+002
YI11_QF1_PS[I] =  1.66635180351598038E+001
YI11_QD2_PS[I] =  6.13784445859435905E+001
YI11_QF3_PS[I] = -2.44249185911898394E+002
YI11_TQ4_PS[I] =  7.04471762288942642E+001
YI11_TQ5_PS[I] =  1.38907341172358585E+001
YI11_TQ6_PS[I] = -2.92246125189278025E+001
YI11_QF9_PS[I] = -7.04282625655521741E+001
YO12_QD1_PS[I] =  1.64914788660070784E+001
YO12_QF2_PS[I] =  8.87050060426292930E+001
YO12_QD3_PS[I] = -2.42992147781239822E+002
YO12_TQ4_PS[I] = -2.94500021535040588E+001
YO12_TQ5_PS[I] = -3.14184418198245830E+001
YO12_TQ6_PS[I] =  3.22616229170784266E+001
YO12_QF8_PS[I] = -1.43895176077357149E+002
