H01O_Q1_I[I] = -5.31119439530322143E+003
H01O_Q2_I[I] =  2.81431677502704906E+003
H01O_Q3_I[I] = -7.12618383068628418E+002
H01O_Q4_I[I] = -5.85805904548042520E+001
H01O_Q5_I[I] = -1.50378134631660828E+003
H01O_Q6_I[I] =  1.42220458779925411E+003
H01O_Q7_I[I] =  1.17591147777308061E+003
H02_Q1_I[I] = -5.32500000000000000E+003   ! Not used in optimizing
H02_Q2_I[I] =  4.88248384948692546E+003
H02_Q3_I[I] = -4.05859764699022890E+003
H02_Q4_I[I] = -1.15651897451680429E+003
H02_Q5_I[I] =  4.40095377025534890E+003
H02_Q6_I[I] = -2.95212943954444791E+003
