YI3_QD6_PS[I] =  1.92151799129426365E+002
YI3_QF7_PS[I] =  2.71238083791978681E+002
Y4_Q89_PS[I] =  4.65466620754638782E+000
YI3_QF1_PS[I] =  6.56543283655018257E+001
YI3_QD2_PS[I] =  7.15494048850057140E+001
YI3_QF3_PS[I] = -1.43571708640213245E+002
YI3_TQ4_PS[I] =  3.74489639762455298E+001
YI3_TQ5_PS[I] =  2.50181029166825795E+001
YI3_TQ6_PS[I] = -2.40082470593899195E+001
YI3_QF9_PS[I] = -2.70972213462384524E+001
YO4_QD1_PS[I] =  6.49330247804019365E+001
YO4_QF2_PS[I] =  6.84690798988761316E+001
YO4_QD3_PS[I] = -1.70158362353431841E+002
YO4_TQ4_PS[I] = -5.31926025569733198E+001
YO4_TQ5_PS[I] = -1.92543524233154102E+001
YO4_TQ6_PS[I] = -1.79927478387636175E-001
YO4_QF8_PS[I] = -9.33004514830950882E+001
YO4_QF6_PS[I] = YI3_QD6_PS[I]
YO4_QD7_PS[I] = YI3_QF7_PS[I]
