Q1APF[K1] = -8.62746173934397231E-02
Q1BPF[K1] = -4.99465947172412009E-02
Q2PF[K1] =  3.18437949311394589E-002
Q3PF[K1] =  2.14346087397099955E-002
H5_Q04_I[I] = -2.74484652700951619E+003
H5_Q05_I[I] =  5.32500000000000000E+003
H5_Q06_I[I] = -5.03953119165779390E+003
H5_Q07_I[I] =  4.33979410105863917E+003
H5_Q08_I[I] = -3.93570504959341406E+003
H5_Q09_I[I] =  3.70586731043580494E+003
H5_Q10_I[I] = -9.70558917263180319E+002
H5_Q11_I[I] =  1.40375671955357961E+003
B0APF[DB_FIELD] =  3.42781977625057754E+000
B1PF[DB_FIELD] =  3.46000058789458453E+000
h5_tq05_i[i] = 20
h5_tq06_i[i] = -110
h5_tq11_i[i] = 0
Q1APR[K1] = -7.89574120254753625E-002
Q1BPR[K1] = Q1APR[K1]
Q2PR[K1] =  3.01795029043217151E-002
H6_Q3[K1] =  2.22415897663705668E-002
H6_Q04_I[I] = -1.67929999321255627E+003
H6_Q05_I[I] =  3.72335563975691184E+003
H6_Q06_I[I] = -5.22071200077486901E+003
H6_Q07_I[I] =  4.94593188994416505E+003
H6_Q08_I[I] = -5.09753306277664615E+003
H6_Q09_I[I] =  3.55535834143067177E+003
H6_Q10_I[I] = -4.75751196520551275E+003
h6_tq05_i[i] = 0
h6_tq06_i[i] = -105
h6_tq07_i[i] = 0
h6_tq08_i[i] = -100
h6_tq10_i[i] = -75
