Q1APF[K1] = -9.07367999115270829E-02
Q1BPF[K1] = -5.25298669300741580E-02
Q2PF[K1] =  3.76939078145476225E-002
Q3PF[K1] =  1.03104549289341728E-002
H5_Q04_I[I] = -2.68666175558005580E+003
H5_Q05_I[I] =  5.07062948032049553E+003
H5_Q06_I[I] = -5.14529613260699170E+003
H5_Q07_I[I] =  4.16884339732762146E+003
H5_Q08_I[I] = -4.38703864277800130E+003
H5_Q09_I[I] =  3.89989610962289908E+003
H5_Q10_I[I] = -1.83182483323339147E+003
H5_Q11_I[I] =  2.17101803194966442E+003
B0APF[DB_FIELD] =  3.28140343221758757E+000
B1PF[DB_FIELD] =  3.39073780211105769E+000
h5_tq05_i[i] = 20
h5_tq06_i[i] = -110
h5_tq11_i[i] = 0
Q1APR[K1] = -8.17620966805974875E-002
Q1BPR[K1] = Q1APR[K1]
Q2PR[K1] =  3.58976855140950360E-002
H6_Q3[K1] =  1.24498264985027415E-002
H6_Q04_I[I] = -1.82949995821354628E+003
H6_Q05_I[I] =  5.06095289831091031E+003
H6_Q06_I[I] = -3.93645089464347166E+003
H6_Q07_I[I] =  4.76214793006644413E+003
H6_Q08_I[I] = -3.36619851634576116E+003
H6_Q09_I[I] =  4.34103297170698443E+003
H6_Q10_I[I] = -5.30894477662826921E+003
h6_tq05_i[i] = 0
h6_tq06_i[i] = -105
h6_tq07_i[i] = 0
h6_tq08_i[i] = -100
h6_tq10_i[i] = -75
