Y8_Q6_PS[I] =  4.35439479328537473E+001
Y8_Q7_PS[I] =  5.01642589961228907E+002
Y8_Q89_PS[I] =  2.79999999998366093E+002
YI7_QF1_PS[I] =  1.66635180351598038E+001
YI7_QD2_PS[I] =  6.13784445859435905E+001
YI7_QF3_PS[I] = -2.44249185911898394E+002
YI7_TQ4_PS[I] =  7.04471762288942642E+001
YI7_TQ5_PS[I] =  1.38907341172358585E+001
YI7_TQ6_PS[I] = -2.92246125189278025E+001
YI7_QF9_PS[I] = -7.04282625655521741E+001
YO8_QD1_PS[I] =  1.64914788660070784E+001
YO8_QF2_PS[I] =  8.87050060426292930E+001
YO8_QD3_PS[I] = -2.42992147781239822E+002
YO8_TQ4_PS[I] = -2.94500021535040588E+001
YO8_TQ5_PS[I] = -3.14184418198245830E+001
YO8_TQ6_PS[I] =  3.22616229170784266E+001
YO8_QF8_PS[I] = -1.43895176077357149E+002
