YO9_QD1_PS[I] =  2.20002091681380847E+001
YO9_QF2_PS[I] =  2.03065816316443204E+001
YO9_QD3_PS[I] = -4.47767504857531549E+001
YO9_TQ4_PS[I] = -6.90794099295219599E+000
YO9_TQ5_PS[I] = -4.16196237235600286E+000
YO9_TQ6_PS[I] =  2.02697055294743267E+000
YO9_QF6_PS[I] =  2.69689862325497174E+001
YO9_QD7_PS[I] =  2.29694690972245219E+001
YO9_QF8_PS[I] = -3.84296929534831477E+001
YO9_QD9_PS[I] =  7.96730201634232316E+000
YI10_QF1_PS[I] =  2.22182506019003547E+001
YI10_QD2_PS[I] =  1.81820799206153865E+001
YI10_QF3_PS[I] = -3.82846894840897392E+001
YI10_TQ4_PS[I] =  7.86455218738633999E+000
YI10_TQ5_PS[I] =  4.14151741597005785E+000
YI10_TQ6_PS[I] = -5.33040447497791181E+000
YI10_QD6_PS[I] =  2.69689862325497174E+001
YI10_QF7_PS[I] =  2.29694690972245219E+001
YI10_QF9_PS[I] = -2.51501521804769013E+001
YI10_Q89_PS[I] =  7.96730201634232316E+000
