Y12_Q6_PS[I] =  2.20000000001244302E+001
Y12_Q7_PS[I] =  2.20004858478343266E+001
Y12_Q89_PS[I] =  1.07205570843187115E+001
YI11_QF1_PS[I] =  2.20000114041210217E+001
YI11_QD2_PS[I] =  2.05443714975579326E+001
YI11_QF3_PS[I] = -3.94602683514541397E+001
YI11_TQ4_PS[I] =  8.36953375916706932E+000
YI11_TQ5_PS[I] =  4.04678599200487987E+000
YI11_TQ6_PS[I] = -5.18959448111297750E+000
YI11_QF9_PS[I] = -1.30000000000000000E+001
YO12_QD1_PS[I] =  2.20002899711279802E+001
YO12_QF2_PS[I] =  1.93824967925439644E+001
YO12_QD3_PS[I] = -4.11331179482824467E+001
YO12_TQ4_PS[I] = -7.19197216385457239E+000
YO12_TQ5_PS[I] = -4.18426489326585749E+000
YO12_TQ6_PS[I] =  1.82422835233862513E+000
YO12_QF8_PS[I] = -4.31010058648279824E+001
