YI3_QF1_PS[I] =  2.20003216312904719E+001
YI3_QD2_PS[I] =  1.76961836063285922E+001
YI3_QF3_PS[I] = -3.80355908145558814E+001
YI3_TQ4_PS[I] =  8.82300810508622568E+000
YI3_TQ5_PS[I] =  3.81197053379132278E+000
YI3_TQ6_PS[I] = -4.31960716771507158E+000
YI3_QD6_PS[I] =  2.35207333502184923E+001
YI3_QF7_PS[I] =  2.20000006956974623E+001
YI3_QF9_PS[I] = -1.30000000000000000E+001
Y4_Q89_PS[I] =  2.85379735537036350E+000
YO4_QD1_PS[I] =  2.20334611928492414E+001
YO4_QF2_PS[I] =  1.99326944914722368E+001
YO4_QD3_PS[I] = -3.80567492163982593E+001
YO4_TQ4_PS[I] = -6.04472669273334517E+000
YO4_TQ5_PS[I] = -4.73610478938025281E+000
YO4_TQ6_PS[I] =  2.66636307751577961E+000
YO4_QF6_PS[I] =  2.35207333502184923E+001
YO4_QD7_PS[I] =  2.20000006956974623E+001
YO4_QF8_PS[I] = -3.22771305997385980E+001
