Q1APF[K1] = -9.06717998522828528E-02
Q1BPF[K1] = -5.24922367241833290E-02
Q2PF[K1] =  4.39711531045163112E-002
Q3PF[K1] = -7.10953597206311905E-002
H5_Q04_I[I] = -3.10286498346034875E+002
H5_Q05_I[I] =  5.92673473920806373E+002
H5_Q06_I[I] = -4.16547512399572270E+002
H5_Q07_I[I] =  4.93069554829699086E+002
H5_Q08_I[I] = -4.26234787654846514E+002
H5_Q09_I[I] =  4.15344880881778693E+002
H5_Q10_I[I] = -4.02362788128505031E+002
H5_Q11_I[I] =  5.61470973767953410E+002
B0APF[DB_FIELD] =  1.20022678655055171E-001
OV_B1PF[DB_FIELD] =  2.49370927973211060E-001
h5_tq05_i[i] = 0
h5_tq06_i[i] = 0
h5_tq11_i[i] = 0
Q1APR[K1] = -8.66981450161512651E-002
Q1BPR[K1] = -8.66981450161512651E-002
Q2PR[K1] =  4.63416904242699573E-002
H6_Q3[K1] = -1.05488445004278383E-001
H6_Q04_I[I] = -1.45974202138189355E+002
H6_Q05_I[I] =  4.05769063046165400E+002
H6_Q06_I[I] = -1.52259397379191086E+002
H6_Q07_I[I] =  2.29505726787058506E+002
H6_Q08_I[I] = -1.21156006337937606E+003
H6_Q09_I[I] =  2.73019648076276326E+002
H6_Q10_I[I] = -5.81494482857487014E+002
h6_tq05_i[i] = 0
h6_tq06_i[i] = 0
h6_tq07_i[i] = 0
h6_tq08_i[i] = 69
h6_tq10_i[i] = 0
Q2PR[K1] =  4.63416904242699573E-002
