IR10_QD1_PS =  1.61922428350348952E+002;
IR10_QF2_PS =  1.11922428350348952E+002;
IR10_QD3_PS = -1.00578683303673245E+002;
IR10_TQ4_PS =  1.17256515295933372E+001;
IR10_TQ5_PS = -5.13313478580379936E+001;
IR10_TQ6_PS =  3.45346687462609125E+001;
IR10_QF6_PS =  4.20775716496510626E+001;
IR10_QD7_PS =  5.21922428350348923E+002;
IR10_QF8_PS = -1.21922428350348937E+002;
IR10_QD9_PS = -2.49922428350348952E+002;
