IR10_QD1_PS[I] =  6.41816839274220001E+001*p041/p275
IR10_QF2_PS[I] =  8.98183160725779999E+001*p041/p275
IR10_QD3_PS[I] = -1.13750763960439414E+002*p041/p275
IR10_TQ4_PS[I] = -7.32478072961687765E+000*p041/p275
IR10_TQ5_PS[I] = -4.21049764610442523E+001*p041/p275
IR10_TQ6_PS[I] =  4.29548327375806309E+001*p041/p275
IR10_QF6_PS[I] =  6.41816839274220001E+001*p041/p275
IR10_QD7_PS[I] =  4.99818316072578000E+002*p041/p275
IR10_QF8_PS[I] = -5.51816839274220072E+001*p041/p275
IR10_QD9_PS[I] = -1.13957850465608573E+002*p041/p275
YI10_QF1_PS[I] =  6.41816839274220001E+001*p041/p275
YI10_QD2_PS[I] =  8.98183160725779999E+001*p041/p275
YI10_QF3_PS[I] = -1.61253205513307535E+002*p041/p275
YI10_TQ4_PS[I] =  4.98183160725779928E+001*p041/p275
YI10_TQ5_PS[I] =  2.47750843446403231E+001*p041/p275
YI10_TQ6_PS[I] = -2.77201076642202189E+001*p041/p275
YI10_QD6_PS[I] =  6.41816839274220001E+001*p041/p275
YI10_QF7_PS[I] =  4.99818316072578000E+002*p041/p275
YI10_QF9_PS[I] = -9.98183160725779999E+001*p041/p275
YI10_Q89_PS[I] =  4.71532590145918249E+001*p041/p275
