IR10_QD1_PS[I] =  1.50574557676094457E+002
IR10_QF2_PS[I] =  1.00574557676094443E+002
IR10_QD3_PS[I] = -1.56248169771426262E+002
IR10_TQ4_PS[I] = -6.05745576760944502E+001
IR10_TQ5_PS[I] =  2.35104144979515475E+001
IR10_TQ6_PS[I] = -9.26056597388979519E+000
IR10_QF6_PS[I] =  5.34254423239055498E+001
IR10_QD7_PS[I] =  5.34254423239055498E+001
IR10_QF8_PS[I] = -9.56976716963089018E+001
IR10_QD9_PS[I] =  1.72405219541408989E+001
YI10_QF1_PS[I] =  1.50574557676094457E+002
YI10_QD2_PS[I] =  9.78462247093619908E+001
YI10_QF3_PS[I] = -1.65552593978359170E+002
YI10_TQ4_PS[I] =  6.05745576760944502E+001
YI10_TQ5_PS[I] = -2.10607428801276129E+001
YI10_TQ6_PS[I] = -2.61187853449192797E+000
YI10_QD6_PS[I] =  5.34254423239055498E+001
YI10_QF7_PS[I] =  5.34254423239055498E+001
YI10_QF9_PS[I] = -4.44254423239055498E+001
YI10_Q89_PS[I] =  3.11253907585983640E+001
