IR10_QD1_PS =  1.83972916706527712E+002;
IR10_QF2_PS =  1.33972916706527712E+002;
IR10_QD3_PS = -1.52601043010149397E+002;
IR10_TQ4_PS =  8.20791238270732038E+000;
IR10_TQ5_PS = -5.11298638866402513E+001;
IR10_TQ6_PS =  4.12470380316357037E+001;
IR10_QF6_PS =  2.00270832934722840E+001;
IR10_QD7_PS =  5.43972916706527712E+002;
IR10_QF8_PS = -1.43972916706527712E+002;
IR10_QD9_PS = -2.71972916706527712E+002;
