IR10_QD1_PS[I] =  1.83972916706527712E+002
IR10_QF2_PS[I] =  1.33972916706527712E+002
IR10_QD3_PS[I] = -1.52601043010149397E+002
IR10_TQ4_PS[I] =  8.20791238270732038E+000
IR10_TQ5_PS[I] = -5.11298638866402513E+001
IR10_TQ6_PS[I] =  4.12470380316357037E+001
IR10_QF6_PS[I] =  2.00270832934722840E+001
IR10_QD7_PS[I] =  5.43972916706527712E+002
IR10_QF8_PS[I] = -1.43972916706527712E+002
IR10_QD9_PS[I] = -2.71972916706527712E+002
