IR10_QD1_PS[I] =  1.41492078994556493E+002
IR10_QF2_PS[I] =  9.14920789945565076E+001
IR10_QD3_PS[I] = -1.33520410768595667E+002
IR10_TQ4_PS[I] = -6.30825491874018507E+000
IR10_TQ5_PS[I] = -4.22313617583090206E+001
IR10_TQ6_PS[I] =  2.24448998661840982E+001
IR10_QF6_PS[I] =  6.25079210054434924E+001
IR10_QD7_PS[I] =  5.01492078994556493E+002
IR10_QF8_PS[I] = -1.01492078994556508E+002
IR10_QD9_PS[I] = -2.29492078994556493E+002
