IR10_QD1_PS =  1.41492078994556493E+002;
IR10_QF2_PS =  9.14920789945565076E+001;
IR10_QD3_PS = -1.33520410768595667E+002;
IR10_TQ4_PS = -6.30825491874018507E+000;
IR10_TQ5_PS = -4.22313617583090206E+001;
IR10_TQ6_PS =  2.24448998661840982E+001;
IR10_QF6_PS =  6.25079210054434924E+001;
IR10_QD7_PS =  5.01492078994556493E+002;
IR10_QF8_PS = -1.01492078994556508E+002;
IR10_QD9_PS = -2.29492078994556493E+002;
