IR10_QD1_PS[I] =  1.40000000000000000E+001
IR10_QF2_PS[I] =  1.40000000000000000E+002
IR10_QD3_PS[I] = -2.80000000000000000E+002
IR10_TQ4_PS[I] = -2.27437738773556966E+001
IR10_TQ5_PS[I] = -3.53926933795641219E+001
IR10_TQ6_PS[I] =  6.58696777959420103E+001
IR10_QF6_PS[I] =  4.30000000000000000E+002
IR10_QD7_PS[I] =  1.62965044329951411E+002
IR10_QF8_PS[I] = -1.50000000000000000E+002
IR10_QD9_PS[I] = -2.57057503282917082E+002
