IR10_QD1_PS[I] =  +14
IR10_QF2_PS[I] =  8.44228170985503965E+001
IR10_QD3_PS[I] = -280
IR10_TQ4_PS[I] = -1.39642960281826642E+001
IR10_TQ5_PS[I] = -3.68378134290511028E+001
IR10_TQ6_PS[I] =  4.51087018286139880E+001
IR10_QF6_PS[I] =  2.53972852029988474E+002
IR10_QD7_PS[I] = +550
IR10_QF8_PS[I] = -150
IR10_QD9_PS[I] = -278
