IR10_QD1_PS[I] =  +14
IR10_QF2_PS[I] =  8.27985073122829220E+001
IR10_QD3_PS[I] = -280
IR10_TQ4_PS[I] = -1.41479087502861525E+001
IR10_TQ5_PS[I] = -3.67332528322626288E+001
IR10_TQ6_PS[I] =  4.47802531667373245E+001
IR10_QF6_PS[I] =  2.42169475605469643E+002
IR10_QD7_PS[I] = +550
IR10_QF8_PS[I] = -150
IR10_QD9_PS[I] = -278
