IR10_QD1_PS[I] =  5.11498810999149853E+001
IR10_QF2_PS[I] =  6.10500745534006981E+001
IR10_QD3_PS[I] = -6.34738514588645799E+001
IR10_TQ4_PS[I] = -5.16676244602095558E+000
IR10_TQ5_PS[I] = -7.81531124862196158E+000
IR10_TQ6_PS[I] =  1.65335621124534526E+001
IR10_QF6_PS[I] =  5.11498810999149853E+001
IR10_QD7_PS[I] =  5.11498810999149853E+001
IR10_QF8_PS[I] = -4.21498810999149853E+001
IR10_QD9_PS[I] =  3.20764023422558111E+001
YI10_QF1_PS[I] =  5.11498810999149853E+001
YI10_QD2_PS[I] =  6.10643512046172958E+001
YI10_QF3_PS[I] = -5.11498810999149853E+001
YI10_TQ4_PS[I] =  4.91813187060067634E+001
YI10_TQ5_PS[I] = -2.84629942778481393E+001
YI10_TQ6_PS[I] =  3.09863578496731762E+001
YI10_QD6_PS[I] =  5.11498810999149853E+001
YI10_QF7_PS[I] =  5.11498810999149853E+001
YI10_QF9_PS[I] = -4.21498810999149853E+001
YI10_Q89_PS[I] =  4.73623143394176225E+001

IR10_QD1_PS[I] =  1.70884426107008380E+001
IR10_QF2_PS[I] =  2.71159814600615334E+001
IR10_QD3_PS[I] = -7.83495552195898455E+001
IR10_TQ4_PS[I] = -1.40281272591814830E+001
IR10_TQ5_PS[I] =  1.60280786976370004E+000
IR10_TQ6_PS[I] = -2.41702996553543770E+000
IR10_QF6_PS[I] =  1.40000000000000000E+001   ! Not used in optimizing
IR10_QD7_PS[I] =  1.06696192402703247E+002
IR10_QF8_PS[I] = -1.50000000000000000E+002   ! Not used in optimizing
IR10_QD9_PS[I] =  1.28543820778915233E+002
YI10_QF1_PS[I] =  1.90000000000000000E+002   ! Not used in optimizing
YI10_QD2_PS[I] =  1.34438953288089976E+002
YI10_QF3_PS[I] = -1.27482079603784470E+002
YI10_TQ4_PS[I] =  5.16383350455376942E+001
YI10_TQ5_PS[I] = -1.02147934512322607E+001
YI10_TQ6_PS[I] = -1.17069318019580155E+001
YI10_QD6_PS[I] =  1.40000000000000000E+001   ! Not used in optimizing
YI10_QF7_PS[I] =  1.40000000000000000E+001   ! Not used in optimizing
YI10_QF9_PS[I] = -8.85826177309066196E+001
YI10_Q89_PS[I] =  1.04207229177428204E+002
