IR10_QD1_PS[I] =  +14
IR10_QF2_PS[I] = 8.08284504671532034E+001
IR10_QD3_PS[I] = -280
IR10_TQ4_PS[I] = -1.37218290603610029E+001
IR10_TQ5_PS[I] = -3.66565105157171160E+001
IR10_TQ6_PS[I] = 4.36915939860791411E+001
IR10_QF6_PS[I] = 2.44050616910393558E+002
IR10_QD7_PS[I] = +550
IR10_QF8_PS[I] = -150
IR10_QD9_PS[I] = -278
