IR10_QD1_PS[I] = +1.82796990912998154e+02
IR10_QF2_PS[I] = +1.32796990912981414e+02
IR10_QD3_PS[I] = -1.52387205793049958e+02
IR10_TQ4_PS[I] = +7.99664622650575652e+00
IR10_TQ5_PS[I] = -5.09406509098142024e+01
IR10_TQ6_PS[I] = +4.07831717054988161e+01
IR10_QF6_PS[I] = +2.12030090870124432e+01
IR10_QD7_PS[I] = +5.42796990912987212e+02
IR10_QF8_PS[I] = -1.42796990912983546e+02
IR10_QD9_PS[I] = -2.70796990912976355e+02
