IR10_QD1_PS[I] =  +14
IR10_QF2_PS[I] =  8.07937598419425314E+001
IR10_QD3_PS[I] = -280
IR10_TQ4_PS[I] = -1.37260069890118466E+001
IR10_TQ5_PS[I] = -3.66530439154897749E+001
IR10_TQ6_PS[I] =  4.36882899975479404E+001
IR10_QF6_PS[I] =  2.44084349522924015E+002
IR10_QD7_PS[I] = +550
IR10_QF8_PS[I] = -150
IR10_QD9_PS[I] = -278
