IR10_QD1_PS = +14;
IR10_QF2_PS = 8.08284504671532034E+001;
IR10_QD3_PS = -280;
IR10_TQ4_PS = -1.37218290603610029E+001;
IR10_TQ5_PS = -3.66565105157171160E+001;
IR10_TQ6_PS = 4.36915939860791411E+001;
IR10_QF6_PS = 2.44050616910393558E+002;
IR10_QD7_PS = +550;
IR10_QF8_PS = -150;
IR10_QD9_PS = -278;
