IR10_QD1_PS[I] =  3.43620451626760541E+001
IR10_QF2_PS[I] =  4.09083926439809034E+001
IR10_QD3_PS[I] = -3.49590086088401577E+001
IR10_TQ4_PS[I] = -2.78671826734589922E+000
IR10_TQ5_PS[I] = -6.59692313317571255E+000
IR10_TQ6_PS[I] =  2.29342688882771961E+000
IR10_QF6_PS[I] =  3.43620451626760541E+001
IR10_QD7_PS[I] =  3.43620451626760541E+001
IR10_QF8_PS[I] = -1.29637954837323946E+002
IR10_QD9_PS[I] =  9.07283481651910364E+001
YI10_QF1_PS[I] =  1.69637954837323946E+002
YI10_QD2_PS[I] =  1.19637954837323946E+002
YI10_QF3_PS[I] = -1.35172112589915969E+002
YI10_TQ4_PS[I] =  4.66234547260833523E+001
YI10_TQ5_PS[I] = -9.12702992175298355E+000
YI10_TQ6_PS[I] = -7.67735325595225326E+000
YI10_QD6_PS[I] =  3.43620451626760541E+001
YI10_QF7_PS[I] =  3.43620451626760541E+001
YI10_QF9_PS[I] = -1.29637954837323946E+002
YI10_Q89_PS[I] =  1.53411306271141115E+002
