IR10_QD1_PS[I] =  +14
IR10_QF2_PS[I] =  9.07128089263872823E+001
IR10_QD3_PS[I] = -280
IR10_TQ4_PS[I] = -1.34866998468968049E+001
IR10_TQ5_PS[I] = -3.71842033071249602E+001
IR10_TQ6_PS[I] =  4.61959464422729766E+001
IR10_QF6_PS[I] =  3.01392013536936702E+002
IR10_QD7_PS[I] = +550
IR10_QF8_PS[I] = -150
IR10_QD9_PS[I] = -278
