BI12_QF1_PS[I] =  8.57335720525105103E+001
BI12_QD2_PS[I] = -1.40000000000000000E+002
BI12_QF3_PS[I] = -2.80000000000000000E+002
BI12_TQ4_PS[I] = -8.44181705781922602E+001
BI12_TQ5_PS[I] = -1.46142057447640479E+001
BI12_TQ6_PS[I] =  8.24646156118168250E+000
B12_Q6_PS[I] =  1.40000000000000000E+001
B12_Q7_PS[I] =  1.40000000000000000E+001
BI12_QF9_PS[I] = -5.00000000000000000E+000
B12_Q89_PS[I] = -1.58106866168911377E+001
YI11_QF1_PS[I] =  4.97099609332309669E+001
YI11_QD2_PS[I] =  1.40000000000000000E+002
YI11_QF3_PS[I] = -1.40000000000000000E+001
YI11_TQ4_PS[I] = -3.03035557569844016E+000
YI11_TQ5_PS[I] =  6.97167344512683940E+001
YI11_TQ6_PS[I] = -1.00000000000000000E+002
Y12_Q6_PS[I] =  4.30000000000000000E+002
Y12_Q7_PS[I] =  3.39114140691973915E+001
YI11_QF9_PS[I] = -1.50000000000000000E+002
Y12_Q89_PS[I] =  1.20524663144989574E+002
