B12_Q89_PS[I] =  2.24962187523960154E+002
B12_Q7_PS[I] = -4.66177263113457116E+002
B12_Q6_PS[I] = -1.40000000000000000E+001
BO11_QF8_PS[I] =  1.01496025799950885E+002
BO11_TQ6_PS[I] =  2.49091017989595098E+000
BO11_TQ5_PS[I] =  5.34031395825354860E+000
BO11_TQ4_PS[I] =  8.80813129319168127E+001
BO11_QD3_PS[I] =  1.83736073162361606E+002
BO11_QF2_PS[I] = -2.62163965499776168E+001
BO11_QD1_PS[I] = -1.40000000000000000E+001
BI12_QF1_PS[I] = -1.40473735317456008E+001
BI12_QD2_PS[I] = -3.56237692460746089E+001
BI12_QF3_PS[I] =  2.00020748918837796E+002
BI12_TQ4_PS[I] = -9.55524754539593744E+001
BI12_TQ5_PS[I] = -2.16227459494807039E+000
BI12_TQ6_PS[I] = -4.08025831613735690E+000
BI12_QF9_PS[I] =  5.00000000000000000E+000
