B12_Q6_PS[I] = -2.02315887263660379E+001
B12_Q7_PS[I] = -5.43768411273634001E+002
B12_Q89_PS[I] = -4.71820550833694909E+001
BO11_QD1_PS[I] = -2.02315887263660379E+001
BO11_QF2_PS[I] = -1.33768411273633973E+002
BO11_QD3_PS[I] =  7.02546912459706618E+001
BO11_TQ4_PS[I] = -1.62632146318595372E+000
BO11_TQ5_PS[I] =  5.50342891886328260E+001
BO11_TQ6_PS[I] = -8.78844231073779127E+001
BO11_QF8_PS[I] =  1.12315887263660397E+001
BI12_QF1_PS[I] = -2.02315887263660379E+001
BI12_QD2_PS[I] = -5.84916752046745785E+001
BI12_QF3_PS[I] =  1.13705271247101678E+002
BI12_TQ4_PS[I] = -9.37684112736339586E+001
BI12_TQ5_PS[I] = -4.86453292461528619E+000
BI12_TQ6_PS[I] =  5.30781306532157959E+000
BI12_QF9_PS[I] =  6.51638618600043316E+001
