B12_Q6_PS = -3.84106596995605756E+001;
B12_Q7_PS = -5.25589340300439403E+002;
B12_Q89_PS =  6.76476449734964369E+000;
BO11_QD1_PS = -3.84106596995605756E+001;
BO11_QF2_PS = -1.15589340300439417E+002;
BO11_QD3_PS =  1.45289612177038890E+002;
BO11_TQ4_PS =  6.34974188957971908E+000;
BO11_TQ5_PS =  4.64805384822673844E+001;
BO11_TQ6_PS = -6.87016683681969482E+001;
BO11_QF8_PS =  2.94106596995605756E+001;
BI12_QF1_PS = -3.84106596995605756E+001;
BI12_QD2_PS = -5.99019154534987806E+001;
BI12_QF3_PS =  1.74367080576371961E+002;
BI12_TQ4_PS = -7.55893403004394173E+001;
BI12_TQ5_PS = -1.19892406975700236E+001;
BI12_TQ6_PS =  1.19875985910388554E+001;
BI12_QF9_PS =  9.22480308372985149E+001;
