B12_Q6_PS = -5.49358053813794740E+001;
B12_Q7_PS = -5.09064194618620547E+002;
B12_Q89_PS =  1.18278630288866111E+002;
BO11_QD1_PS = -5.49358053813794740E+001;
BO11_QF2_PS = -9.90641946186205331E+001;
BO11_QD3_PS =  1.64178527715586625E+002;
BO11_TQ4_PS =  1.13990259252629951E+001;
BO11_TQ5_PS =  4.10853470773738749E+001;
BO11_TQ6_PS = -5.37100196847593949E+001;
BO11_QF8_PS =  4.59358053813794740E+001;
BI12_QF1_PS = -5.49358053813794740E+001;
BI12_QD2_PS = -6.51675509132127786E+001;
BI12_QF3_PS =  1.89990746025892321E+002;
BI12_TQ4_PS = -5.90641946186205260E+001;
BI12_TQ5_PS = -1.86708304972946380E+001;
BI12_TQ6_PS =  1.41788102210509894E+001;
BI12_QF9_PS =  8.39055273343808636E+001;
