B12_Q6_PS[I] = -3.78813390612294398E+001
B12_Q7_PS[I] = -5.26118660938770518E+002
B12_Q89_PS[I] =  3.03799224047406788E+001
BO11_QD1_PS[I] = -3.78813390612294398E+001
BO11_QF2_PS[I] = -1.16118660938770560E+002
BO11_QD3_PS[I] =  1.17783874683696709E+002
BO11_TQ4_PS[I] =  2.89971959955358916E+000
BO11_TQ5_PS[I] =  4.84710401603539793E+001
BO11_TQ6_PS[I] = -7.09313423633255553E+001
BO11_QF8_PS[I] =  2.88813390612294398E+001
BI12_QF1_PS[I] = -3.78813390612294398E+001
BI12_QD2_PS[I] = -6.08234438022283612E+001
BI12_QF3_PS[I] =  1.52550888883706989E+002
BI12_TQ4_PS[I] = -7.61186609387705602E+001
BI12_TQ5_PS[I] = -1.20774719773531771E+001
BI12_TQ6_PS[I] =  1.02845695483425157E+001
BI12_QF9_PS[I] =  8.05259849190972403E+001
