B12_Q89_PS[I] =  1.66854627675677477E+002
B12_Q7_PS[I] = -5.24105743264293892E+002
B12_Q6_PS[I] = -3.98942567357061009E+001
BO11_QF8_PS[I] =  7.56095125135781672E+001
BO11_TQ6_PS[I] = -1.51655077629728261E+001
BO11_TQ5_PS[I] =  1.94202953753568721E+001
BO11_TQ4_PS[I] =  5.40300658314399342E+001
BO11_QD3_PS[I] =  2.54105743264293892E+002
BO11_QF2_PS[I] = -5.04896112264650512E+001
BO11_QD1_PS[I] = -3.98942567357061009E+001
BI12_QF1_PS[I] = -3.98942567357093907E+001
BI12_QD2_PS[I] = -5.04896112264664865E+001
BI12_QF3_PS[I] =  2.54105743264295540E+002
BI12_TQ4_PS[I] = -5.16915761331399111E+001
BI12_TQ5_PS[I] = -2.09477908365822643E+001
BI12_TQ6_PS[I] =  1.56516750928874924E+001
BI12_QF9_PS[I] =  7.13854600919201658E+001
