IR12_QF1_PS =  9.90294801613396771E+001;
IR12_QD2_PS =  6.35970431318055986E+001;
IR12_QF3_PS = -1.24398552673012162E+002;
IR12_TQ4_PS =  6.00000000000000000E+001;
IR12_TQ5_PS = -2.52637697975834890E+001;
IR12_TQ6_PS =  3.45408676385576596E+000;
IR12_QD6_PS =  5.40000000000000000E+001;
IR12_QF7_PS =  5.40000000000000000E+001;
IR12_QF9_PS = -4.74180513575430425E+001;
IR12_Q89_PS = -6.20984915885605115E+000;
