B12_Q6_PS[I] = -3.80096626266860511E+001
B12_Q7_PS[I] = -5.25990337373313992E+002
B12_Q89_PS[I] = 3.03585471600288983E+001
BI12_QF1_PS[I] = -3.80096626266860511E+001
BI12_QD2_PS[I] = -6.13392982931019262E+001
BI12_QF3_PS[I] = 1.52805565510258674E+002
BI12_TQ4_PS[I] = -7.59903373733139489E+001
BI12_TQ5_PS[I] = -1.21557419023873372E+001
BI12_TQ6_PS[I] = 1.03034089570758756E+001
BI12_QF9_PS[I] = 8.05750216666440053E+001
Y12_Q6_PS[I] = -3.80096626266860511E+001
Y12_Q7_PS[I] = -5.25990337373313992E+002
Y12_Q89_PS[I] = 3.03585471600288983E+001
YI11_QF1_PS[I] = +3.80096626266860511E+001
YI11_QD2_PS[I] = +6.13392982931019262E+001
YI11_QF3_PS[I] = -1.52805565510258674E+002
YI11_TQ4_PS[I] = +7.59903373733139489E+001
YI11_TQ5_PS[I] = -1.21557419023873372E+001
YI11_TQ6_PS[I] = +1.03034089570758756E+001
YI11_QF9_PS[I] = -8.05750216666440053E+001
