B12_Q6_PS[I] = -14
B12_Q7_PS[I] = -550
B12_Q89_PS[I] = -2.91196717703411885E+001
BO11_QD1_PS[I] = -14
BO11_QF2_PS[I] = -140
BO11_QD3_PS[I] =  6.41167527602504776E+001
BO11_TQ4_PS[I] = -3.67813939253459232E-001
BO11_TQ5_PS[I] =  5.58930593075465367E+001
BO11_TQ6_PS[I] = -9.45624767780505664E+001
BO11_QF8_PS[I] = +5
BI12_QF1_PS[I] = -8.35078603421088275E+001
BI12_QD2_PS[I] = -8.60703614951000304E+001
BI12_QF3_PS[I] =  1.13225941597884727E+002
BI12_TQ4_PS[I] = -6.53138441646573114E+001
BI12_TQ5_PS[I] = -1.86707740849382766E+001
BI12_TQ6_PS[I] =  1.45981277724482936E+001
BI12_QF9_PS[I] =  5.63154994422951276E+001
