B12_Q6_PS = -3.80096626266860511E+001;
B12_Q7_PS = -5.25990337373313992E+002;
B12_Q89_PS = 3.03585471600288983E+001;
BO11_QD1_PS = -3.80096626266860511E+001;
BO11_QF2_PS = -1.15990337373313949E+002;
BO11_QD3_PS = 1.17592924500189937E+002;
BO11_TQ4_PS = 2.91675846853404108E+000;
BO11_TQ5_PS = 4.84775478929658803E+001;
BO11_TQ6_PS = -7.10797607998455163E+001;
BO11_QF8_PS = 2.90096626266860511E+001;
BI12_QF1_PS = -3.80096626266860511E+001;
BI12_QD2_PS = -6.13392982931019262E+001;
BI12_QF3_PS = 1.52805565510258674E+002;
BI12_TQ4_PS = -7.59903373733139489E+001;
BI12_TQ5_PS = -1.21557419023873372E+001;
BI12_TQ6_PS = 1.03034089570758756E+001;
BI12_QF9_PS = 8.05750216666440053E+001;
