B12_Q6_PS = -3.82303085168807044E+001;
B12_Q7_PS = -5.25769691483119345E+002;
B12_Q89_PS =  2.99273250551736218E+001;
BO11_QD1_PS = -3.82303085168807044E+001;
BO11_QF2_PS = -1.15769691483119303E+002;
BO11_QD3_PS =  1.19684832709621958E+002;
BO11_TQ4_PS =  3.18330160038700871E+000;
BO11_TQ5_PS =  4.82885688865446880E+001;
BO11_TQ6_PS = -7.07677339715189220E+001;
BO11_QF8_PS =  2.92303085168807044E+001;
BI12_QF1_PS = -3.82303085168807044E+001;
BI12_QD2_PS = -6.13238635520113746E+001;
BI12_QF3_PS =  1.54477459116105820E+002;
BI12_TQ4_PS = -7.57696914831193027E+001;
BI12_TQ5_PS = -1.22250519450719040E+001;
BI12_TQ6_PS =  1.04471599329187015E+001;
BI12_QF9_PS =  8.13662475989213192E+001;
