B12_Q6_PS[I] = -3.47440991456047357E+001
B12_Q7_PS[I] = -5.29255900854395236E+002
B12_Q89_PS[I] =  1.39799207894981006E+001
BO11_QD1_PS[I] = -3.47440991456047357E+001
BO11_QF2_PS[I] = -1.19255900854395264E+002
BO11_QD3_PS[I] =  1.09863527728329089E+002
BO11_TQ4_PS[I] =  1.92763041655858802E+000
BO11_TQ5_PS[I] =  4.96911260506504817E+001
BO11_TQ6_PS[I] = -7.41726395413720212E+001
BO11_QF8_PS[I] =  2.57440991456047357E+001
BI12_QF1_PS[I] = -3.47440991456047357E+001
BI12_QD2_PS[I] = -6.06574859470199215E+001
BI12_QF3_PS[I] =  1.46439498538537748E+002
BI12_TQ4_PS[I] = -7.92559008543952643E+001
BI12_TQ5_PS[I] = -1.08434796226911470E+001
BI12_TQ6_PS[I] =  9.53750446550413145E+000
BI12_QF9_PS[I] =  7.90568426518600376E+001
