IR2_Q1_I[I] = 2.13513559242265927E+002*p041/p275
IR2_Q2_I[I] = 2.47642831104252355E+003*p041/p275
IR2_Q3_I[I] = -1.95731466667211293E+003*p041/p275
IR2_Q4_I[I] = -3.22608878650744782E+003*p041/p275
IR2_Q5_I[I] = 2.76355030359323382E+003*p041/p275
IR2_Q6_I[I] = 4.54977904449739526E+003*p041/p275
IR2_Q7_I[I] = -5.63374359451236887E+003*p041/p275
IR2_Q8_I[I] = 1.09344228730528471E+003*p041/p275
IR2_Q9_I[I] = 2.60581774152523667E+003*p041/p275
