IR2_Q1_I[I] =  2.95393515222496035E+002
IR2_Q2_I[I] =  2.38216156867678910E+003
IR2_Q3_I[I] = -1.94385388708081223E+003
IR2_Q4_I[I] = -3.17352936967038522E+003
IR2_Q5_I[I] =  2.71329382854771711E+003
IR2_Q6_I[I] =  4.94490281968406543E+003
IR2_Q7_I[I] = -3.64407424552416660E+003
IR2_Q8_I[I] =  9.67027759437368445E+002
IR2_Q9_I[I] =  2.69164963839393340E+003
