IR2_Q1_I =  2.89872456351022436E+002;
IR2_Q2_I =  2.38956905463580142E+003;
IR2_Q3_I = -1.94550960823456830E+003;
IR2_Q4_I = -3.17698444211421338E+003;
IR2_Q5_I =  2.71712746184770413E+003;
IR2_Q6_I =  4.62547247885977140E+003;
IR2_Q7_I = -5.64796884165342726E+003;
IR2_Q8_I =  9.32532572947431277E+002;
IR2_Q9_I =  2.76308203216571246E+003;
