IR2_Q1_I[I] =  2.31249314849363117E+002
IR2_Q2_I[I] =  2.45820377000605458E+003
IR2_Q3_I[I] = -1.95600117290512162E+003
IR2_Q4_I[I] = -3.21443813080162090E+003
IR2_Q5_I[I] =  2.75357057471633289E+003
IR2_Q6_I[I] =  4.87755974653133399E+003
IR2_Q7_I[I] = -3.63481184932527594E+003
IR2_Q8_I[I] =  1.10427284995878176E+003
IR2_Q9_I[I] =  2.55595999301069287E+003
