IR2_Q1_I[I] =  2.89872456351022436E+002
IR2_Q2_I[I] =  2.38956905463580142E+003
IR2_Q3_I[I] = -1.94550960823456830E+003
IR2_Q4_I[I] = -3.17698444211421338E+003
IR2_Q5_I[I] =  2.71712746184770413E+003
IR2_Q6_I[I] =  4.62547247885977140E+003
IR2_Q7_I[I] = -5.64796884165342726E+003
IR2_Q8_I[I] =  9.32532572947431277E+002
IR2_Q9_I[I] =  2.76308203216571246E+003
