IR2_Q1_I[I] =  3.07988497406378428E+002
IR2_Q2_I[I] =  2.36438324420260096E+003
IR2_Q3_I[I] = -1.93942751216479519E+003
IR2_Q4_I[I] = -3.16576656113673471E+003
IR2_Q5_I[I] =  2.70416706381334097E+003
IR2_Q6_I[I] =  4.96029481940947153E+003
IR2_Q7_I[I] = -3.64608699938773043E+003
IR2_Q8_I[I] =  9.34761151101928590E+002
IR2_Q9_I[I] =  2.72317694954505669E+003
