IR2_Q1_I[I] =  3.44662354619148687E+002
IR2_Q2_I[I] =  2.30142479900686112E+003
IR2_Q3_I[I] = -1.91862638609479427E+003
IR2_Q4_I[I] = -3.14394697501419159E+003
IR2_Q5_I[I] =  2.67260204942825430E+003
IR2_Q6_I[I] =  5.07599435205496411E+003
IR2_Q7_I[I] = -3.66126815489787441E+003
IR2_Q8_I[I] =  6.94126219981639565E+002
IR2_Q9_I[I] =  2.98184026809703482E+003
