IR2_Q1_I[I] =  2.12591742332655258E+002
IR2_Q2_I[I] =  2.47735101241039229E+003
IR2_Q3_I[I] = -1.95736538298384289E+003
IR2_Q4_I[I] = -3.22669653494546901E+003
IR2_Q5_I[I] =  2.76405915647435995E+003
IR2_Q6_I[I] =  4.55077569492456951E+003
IR2_Q7_I[I] = -5.63401951125189771E+003
IR2_Q8_I[I] =  1.09176161906602806E+003
IR2_Q9_I[I] =  2.60825129654847797E+003
