IR2_Q1_I[I] =  1.77994160931866418E+002
IR2_Q2_I[I] =  2.51049035925980479E+003
IR2_Q3_I[I] = -1.95816043869504711E+003
IR2_Q4_I[I] = -3.24971713050500693E+003
IR2_Q5_I[I] =  2.78257274355639265E+003
IR2_Q6_I[I] =  4.55118527785469996E+003
IR2_Q7_I[I] = -5.63533764512388098E+003
IR2_Q8_I[I] =  1.09701617823926472E+003
IR2_Q9_I[I] =  2.61571297661108702E+003
