YI3_QD6_PS[I] = +5.49252813668081927E+001
YI3_QF7_PS[I] = +5.09074718633191821E+002
Y4_Q89_PS[I] = -1.18293185436447217E+002
YI3_QF1_PS[I] =  5.49252813668081927E+001
YI3_QD2_PS[I] =  6.51325870510120666E+001
YI3_QF3_PS[I] = -1.89977635234929352E+002
YI3_TQ4_PS[I] =  5.90747186331918073E+001
YI3_TQ5_PS[I] =  1.86664028288115773E+001
YI3_TQ6_PS[I] = -1.41738054735066612E+001
YI3_QF9_PS[I] = -8.38930290115363704E+001
YO4_QD1_PS[I] =  5.49252813668081927E+001
YO4_QF2_PS[I] =  9.90747186331918073E+001
YO4_QD3_PS[I] = -1.64192059222993748E+002
YO4_TQ4_PS[I] = -1.14036622296575398E+001
YO4_TQ5_PS[I] = -4.10831874428179660E+001
YO4_TQ6_PS[I] =  5.37025367983146822E+001
YO4_QF8_PS[I] = -4.59252813668081927E+001
YO4_QF6_PS[I] = YI3_QD6_PS[I]
YO4_QD7_PS[I] = YI3_QF7_PS[I]
