YI3_QD6_PS[I] = +14
YI3_QF7_PS[I] = +550
Y4_Q89_PS[I] =  2.95409040947476811E+001
YI3_QF1_PS[I] =  8.41945870784692403E+001
YI3_QD2_PS[I] =  8.59718722995774840E+001
YI3_QF3_PS[I] = -1.13478074957261938E+002
YI3_TQ4_PS[I] =  6.59389462121949350E+001
YI3_TQ5_PS[I] =  1.83813477875255309E+001
YI3_TQ6_PS[I] = -1.43884431661854695E+001
YI3_QF9_PS[I] = -5.65350291688789781E+001
YO4_QD1_PS[I] = +14
YO4_QF2_PS[I] = +140
YO4_QD3_PS[I] = -6.44415606299389765E+001
YO4_TQ4_PS[I] =  4.79486704254267038E-001
YO4_TQ5_PS[I] = -5.58899478005874712E+001
YO4_TQ6_PS[I] =  9.42845997034567773E+001
YO4_QF8_PS[I] = -5
YO4_QF6_PS[I] = YI3_QD6_PS[I]
YO4_QD7_PS[I] = YI3_QF7_PS[I]
