Y4_Q89_PS[I] = -2.19643102118407853E+002
YI3_QF9_PS[I] = -5
YI3_QF7_PS[I] =  4.33535999786042851E+002
YI3_QD6_PS[I] = +14
YI3_TQ6_PS[I] =  7.29889959955940792E+000
YI3_TQ5_PS[I] =  2.69983781509479037E+000
YI3_TQ4_PS[I] = +100
YI3_QF3_PS[I] = -2.22064014749905141E+002
YI3_QD2_PS[I] =  1.26635711518565117E+002
YI3_QF1_PS[I] = +190
YO4_QD1_PS[I] = +190
YO4_QF2_PS[I] =  1.15185450853604948E+002
YO4_QD3_PS[I] = -2.09028241130405206E+002
YO4_TQ4_PS[I] = -9.73230564290361286E+001
YO4_TQ5_PS[I] = -3.93147209040440337E+000
YO4_TQ6_PS[I] = -1.00007733581755272E+001
YO4_QF6_PS[I] = +14
YO4_QD7_PS[I] =  4.33535999786042851E+002
YO4_QF8_PS[I] = -150
