YI3_QD6_PS = +3.84009991839805664e+01;
YI3_QF7_PS = +5.25599000816019384e+02;
Y4_Q89_PS = -6.77532305948164115E+000;
YI3_QF1_PS =  3.84009991839805664E+001;
YI3_QD2_PS =  5.98688253899239911E+001;
YI3_QF3_PS = -1.74354015321116520E+002;
YI3_TQ4_PS =  7.55990008160194265E+001;
YI3_TQ5_PS =  1.19850960199410252E+001;
YI3_TQ6_PS = -1.19836233004294197E+001;
YI3_QF9_PS = -9.22390231555207691E+001;
YO4_QD1_PS =  3.84009991839805664E+001;
YO4_QF2_PS =  1.15599000816019426E+002;
YO4_QD3_PS = -1.45302817843040287E+002;
YO4_TQ4_PS = -6.35174847121555342E+000;
YO4_TQ5_PS = -4.64789244843477931E+001;
YO4_TQ6_PS =  6.86938282775997635E+001;
YO4_QF8_PS = -2.94009991839805700E+001;
YO4_QF6_PS = YI3_QD6_PS;
YO4_QD7_PS = YI3_QF7_PS;
