YI3_QD6_PS[I] = +3.84009991839805664e+01*p041/p275
YI3_QF7_PS[I] = +5.25599000816019384e+02*p041/p275
Y4_Q89_PS[I] = -6.77532305948164115E+000*p041/p275
YI3_QF1_PS[I] =  3.84009991839805664E+001*p041/p275
YI3_QD2_PS[I] =  5.98688253899239911E+001*p041/p275
YI3_QF3_PS[I] = -1.74354015321116520E+002*p041/p275
YI3_TQ4_PS[I] =  7.55990008160194265E+001*p041/p275
YI3_TQ5_PS[I] =  1.19850960199410252E+001*p041/p275
YI3_TQ6_PS[I] = -1.19836233004294197E+001*p041/p275
YI3_QF9_PS[I] = -9.22390231555207691E+001*p041/p275
YO4_QD1_PS[I] =  3.84009991839805664E+001*p041/p275
YO4_QF2_PS[I] =  1.15599000816019426E+002*p041/p275
YO4_QD3_PS[I] = -1.45302817843040287E+002*p041/p275
YO4_TQ4_PS[I] = -6.35174847121555342E+000*p041/p275
YO4_TQ5_PS[I] = -4.64789244843477931E+001*p041/p275
YO4_TQ6_PS[I] =  6.86938282775997635E+001*p041/p275
YO4_QF8_PS[I] = -2.94009991839805700E+001*p041/p275
YO4_QF6_PS[I] = YI3_QD6_PS[I]
YO4_QD7_PS[I] = YI3_QF7_PS[I]
