YI3_QD6_PS[I] =  2.01109271372794360E+001
YI3_QF7_PS[I] =  5.43889072862720582E+002
Y4_Q89_PS[I] =  4.72711284580616464E+001
YI3_QF1_PS[I] =  2.01109271372794360E+001
YI3_QD2_PS[I] =  5.79627616530000580E+001
YI3_QF3_PS[I] = -1.13443417404737048E+002
YI3_TQ4_PS[I] =  9.38890728627205675E+001
YI3_TQ5_PS[I] =  4.78869230989379702E+000
YI3_TQ6_PS[I] = -5.30427986471973956E+000
YI3_QF9_PS[I] = -6.52114999310751244E+001
YO4_QD1_PS[I] =  2.01109271372794360E+001
YO4_QF2_PS[I] =  1.33889072862720553E+002
YO4_QD3_PS[I] = -7.04759439121373248E+001
YO4_TQ4_PS[I] =  1.68534620137684654E+000
YO4_TQ5_PS[I] = -5.50360183829618563E+001
YO4_TQ6_PS[I] =  8.77231889019840594E+001
YO4_QF8_PS[I] = -1.11109271372794360E+001
YO4_QF6_PS[I] = YI3_QD6_PS[I]
YO4_QD7_PS[I] = YI3_QF7_PS[I]
