Y4_Q89_PS[I] = -2.24026112113263025E+002
YI3_QF9_PS[I] = -5.00000000000000000E+000
YI3_QF7_PS[I] =  4.63451012170135868E+002
YI3_QD6_PS[I] =  1.40000000000000000E+001
YI3_TQ6_PS[I] =  4.87777975243665818E+000
YI3_TQ5_PS[I] =  8.77761918980343392E-001
YI3_TQ4_PS[I] =  9.83572940607151196E+001
YI3_QF3_PS[I] = -1.99244848717832753E+002
YI3_QD2_PS[I] =  3.58381779840056325E+001
YI3_QF1_PS[I] =  1.43046564502831384E+001
YO4_QD1_PS[I] =  1.40000000000000000E+001
YO4_QF2_PS[I] =  2.71169819499274141E+001
YO4_QD3_PS[I] = -1.80671903836052195E+002
YO4_TQ4_PS[I] = -8.61963367028613874E+001
YO4_TQ5_PS[I] = -6.18755936327708600E+000
YO4_TQ6_PS[I] = -1.65259727948335944E+000
YO4_QF6_PS[I] =  1.40000000000000000E+001
YO4_QD7_PS[I] =  4.63451012170135868E+002
YO4_QF8_PS[I] = -9.95101505264197925E+001
