YI3_QD6_PS[I] =  3.80921810033418140E+001
YI3_QF7_PS[I] =  5.25907818996658193E+002
Y4_Q89_PS[I] = -2.99607441011179425E+001
YI3_QF1_PS[I] =  3.80921810033418140E+001
YI3_QD2_PS[I] =  6.07747595284654167E+001
YI3_QF3_PS[I] = -1.54209645818505493E+002
YI3_TQ4_PS[I] =  7.59078189966581789E+001
YI3_TQ5_PS[I] =  1.21425617787973863E+001
YI3_TQ6_PS[I] = -1.04241610081928737E+001
YI3_QF9_PS[I] = -8.13071474348691510E+001
YO4_QD1_PS[I] =  3.80921810033418140E+001
YO4_QF2_PS[I] =  1.15907818996658179E+002
YO4_QD3_PS[I] = -1.19888794669394940E+002
YO4_TQ4_PS[I] = -3.16879839306306543E+000
YO4_TQ5_PS[I] = -4.82803098869808096E+001
YO4_TQ6_PS[I] =  7.06114562051738375E+001
YO4_QF8_PS[I] = -2.90921810033418176E+001
YO4_QF6_PS[I] = YI3_QD6_PS[I]
YO4_QD7_PS[I] = YI3_QF7_PS[I]
