YI3_QF1_PS[I] =  3.83980163860330777E+001
YI3_QD2_PS[I] =  4.77897162043220050E+001
YI3_QF3_PS[I] = -2.55601983613966922E+002
YI3_QD6_PS[I] =  3.83980163860330777E+001
YI3_QF7_PS[I] =  5.25601983613966922E+002
Y4_Q89_PS[I] = -1.72443544373421219E+002
YI3_TQ4_PS[I] =  5.58360788152486549E+001
YI3_TQ5_PS[I] =  1.91292085212918330E+001
YI3_TQ6_PS[I] = -1.32055111892094121E+001
YI3_QF9_PS[I] = -6.58569663109223598E+001
YO4_TQ4_PS[I] = -5.88828992060360221E+001
YO4_TQ5_PS[I] = -1.73696156661204455E+001
YO4_TQ6_PS[I] =  1.21919506420532446E+001
YO4_QF8_PS[I] = -7.70301845876529256E+001

YO4_QD1_PS[I] = YI3_QF1_PS[I]
YO4_QF2_PS[I] = YI3_QD2_PS[I]
YO4_QD3_PS[I] = YI3_QF3_PS[I]
YO4_QF6_PS[I] = YI3_QD6_PS[I]
YO4_QD7_PS[I] = YI3_QF7_PS[I]
