Y4_Q89_PS[I] = -2.37066469865722212E+002
YI3_QF9_PS[I] = -5.00000000000000000E+000
YI3_QF7_PS[I] =  5.11570406008179418E+002
YI3_QD6_PS[I] =  1.40000000000000000E+001
YI3_TQ6_PS[I] = -3.03048908530353378E+000
YI3_TQ5_PS[I] =  1.31313258675097639E+001
YI3_TQ4_PS[I] =  7.05348405089701487E+001
YI3_QF3_PS[I] = -2.21857783853620901E+002
YI3_QD2_PS[I] =  2.98064139525946885E+001
YI3_QF1_PS[I] =  1.40000000000000000E+001
YO4_QD1_PS[I] =  1.40000000000000000E+001
YO4_QF2_PS[I] =  3.98556164145866489E+001
YO4_QD3_PS[I] = -1.40000000000000000E+001
YO4_TQ4_PS[I] = -9.04146554720053359E+001
YO4_TQ5_PS[I] = -5.10947334113832330E+000
YO4_TQ6_PS[I] = -2.54865158949777904E+000
YO4_QF6_PS[I] =  1.40000000000000000E+001
YO4_QD7_PS[I] =  2.66354702097954259E+002
YO4_QF8_PS[I] = -1.50000000000000000E+002
