YI3_QD6_PS = 3.78712434586950835E+001;
YI3_QF7_PS = 5.26128756541304938E+002;
Y4_Q89_PS = -3.03884452856073217E+001;
YI3_QF1_PS = 3.78712434586950835E+001;
YI3_QD2_PS = 6.07903428117986948E+001;
YI3_QF3_PS = -1.52538008099038166E+002;
YI3_TQ4_PS = 7.61287565413049094E+001;
YI3_TQ5_PS = 1.20731214164087231E+001;
YI3_TQ6_PS = -1.02806849648764960E+001;
YI3_QF9_PS = -8.05187543575630542E+001;
YO4_QD1_PS = 3.78712434586950835E+001;
YO4_QF2_PS = 1.16128756541304909E+002;
YO4_QD3_PS = -1.17797208948820824E+002;
YO4_TQ4_PS = -2.90150919032157306E+000;
YO4_TQ5_PS = -4.84695746777473957E+001;
YO4_TQ6_PS = 7.09240227895080579E+001;
YO4_QF8_PS = -2.88712434586950835E+001;
YO4_QF6_PS = YI3_QD6_PS;
YO4_QD7_PS = YI3_QF7_PS;
