YI3_QD6_PS[I] =  3.46089072904252291E+001
YI3_QF7_PS[I] =  5.29391092709574764E+002
Y4_Q89_PS[I] = -1.39894635776044911E+001
YI3_QF1_PS[I] =  3.46089072904252291E+001
YI3_QD2_PS[I] =  6.01124879430648988E+001
YI3_QF3_PS[I] = -1.46172815184682548E+002
YI3_TQ4_PS[I] =  7.93910927095747780E+001
YI3_TQ5_PS[I] =  1.07620557126826242E+001
YI3_TQ6_PS[I] = -9.51837024190926506E+000
YI3_QF9_PS[I] = -7.90184349526408027E+001
YO4_QD1_PS[I] =  3.46089072904252291E+001
YO4_QF2_PS[I] =  1.19391092709574778E+002
YO4_QD3_PS[I] = -1.10070105953445307E+002
YO4_TQ4_PS[I] = -1.90364328909370517E+000
YO4_TQ5_PS[I] = -4.96850434056177122E+001
YO4_TQ6_PS[I] =  7.40160721707044473E+001
YO4_QF8_PS[I] = -2.56089072904252291E+001
YO4_QF6_PS[I] = YI3_QD6_PS[I]
YO4_QD7_PS[I] = YI3_QF7_PS[I]
