Q1APF[K1] = -9.07448019996495436E-002
Q1BPF[K1] = -5.25344995446764551E-002
Q2PF[K1] = +3.76159168116172865E-002
Q3PF[K1] = +1.06123351818109765E-002
YI6_QD2_I[I] = +2.95184110719410455E+003
YO5_QD5_I[I] = -3.58252664469733372E+003
YO5_QF4_I[I] = +5.58291571131657929E+003
YO5_QF6_I[I] = -4.94936724980231156E+003
YO5_QD7_I[I] = +4.08071891161004260E+003
YO5_QF8_I[I] = -1.14218921197284840E+003
YO5_QD9_I[I] = -3.12835075793483566E+003
yo5_tq4_i[i] = +150
yo5_tq5_i[i] = -150
yo5_tq6_i[i] = 0
Q1APR[K1] = -8.54413478450078978E-002
Q1BPR[K1] = -7.87605005181164636E-002
Q2PR[K1] =  2.85199053033154681E-002
Q3PR[K1] =  5.91039849928706382E-003
Q4PR[K1] =  2.62968841768755103E-002
Q5PR[K1] = -6.52535405523864825E-002
YI6_QD4_I[I] =  5.80144502866498533E+003
YI6_QF5_I[I] = -5.43321661786247023E+003
YI6_QD6_I[I] =  5.27624912812786442E+003
YI6_QF7_I[I] = -4.14883057334751538E+003
YI6_QD8_I[I] = -2.29915579117140987E+003
YI6_QF9_I[I] = +6000
yi6_tq4_i[i] = +150
yi6_tq5_i[i] = -75
yi6_tq6_i[i] = +75
B0APF[DB_FIELD] =  3.3
B1PF[DB_FIELD] =  3.4
