Q1APF[K1] = -9.23691961322460342E-002
Q1BPF[K1] = -4.95721607335174452E-002
Q2PF[K1] =  3.73677185711249957E-002
Q3PF[K1] =  1.01503621126219218E-002
YO5_QF2_I[I] =  3.64764054317075625E+003
YO5_QD5_I[I] = -5.74256952885916326E+003
YO5_QF4_I[I] =  5.75632753731234789E+003
YO5_QF6_I[I] = -4.31213217852834441E+003
YO5_QD7_I[I] = -4.11657787116839791E+003
YO5_QF8_I[I] =  4.04080921722491303E+003
YO5_QD9_I[I] = -4.50568700563652055E+003
yo5_tq4_i[i] = +50
yo5_tq5_i[i] = -150
yo5_tq6_i[i] = 0
Q1APR[K1] = -8.54413478450078978E-002
Q1BPR[K1] = -7.87605005181164636E-002
Q2PR[K1] =  2.85199053033154681E-002
Q3PR[K1] =  5.91039849928706382E-003
Q4PR[K1] =  2.62968841768755103E-002
Q5PR[K1] = -6.52535405523864825E-002
YI6_QD4_I[I] =  5.80144502866498533E+003
YI6_QF5_I[I] = -5.43321661786247023E+003
YI6_QD6_I[I] =  5.27624912812786442E+003
YI6_QF7_I[I] = -4.14883057334751538E+003
YI6_QD8_I[I] = -2.29915579117140987E+003
YI6_QF9_I[I] = +6000
yi6_tq4_i[i] = +150
yi6_tq5_i[i] = -75
yi6_tq6_i[i] = +75
B0APF[DB_FIELD] =  3.29623768446769594E+000
B1PF[DB_FIELD] =  3.40996800808307610E+000
