OVQ1PF[K1] = -6.79098123434948436E-002
Q2PF[K1] =  3.80855165548294808E-002
Q3PF[K1] =  8.24781962423757134E-003
QF3_PF[K1] =  4.30313007482185511E-002
YO5_QD5_i[i] = -9.04739964608283903E-002/(-0.016572460606060605/yo5_qd5[l])*p275/c_light
YO5_QF4_i[i] =  8.70493269142722098E-002/(-0.027149189411764706/yo5_qf4[l])*p275/c_light
YO5_QF6_i[i] = -7.84219585490528587E-002/(-0.016572460606060605/yo5_qf6[l])*p275/c_light
YO5_QD7_i[i] = -5.60877883226063370E-002/(-0.013872341176470586/yo5_qd7[l])*p275/c_light
YO5_QF8_i[i] =  6.11071786212840154E-002/(-0.016572460606060605/yo5_qf8[l])*p275/c_light
YO5_QD9_i[i] = -7.56616338890608725E-002/(-0.016572460606060605/yo5_qd9[l])*p275/c_light
yo5_tq4_i[i] = 0
yo5_tq5_i[i] = -48/(-0.2381915/yo5_tq5[l])
yo5_tq6_i[i] = 0
Q1APR[K1] = -8.54413478450078978E-002
Q1BPR[K1] = -7.87605005181164636E-002
Q2PR[K1] =  2.85199053033154681E-002
Q3PR[K1] =  5.91039849928706382E-003
Q4PR[K1] =  2.62745225639985161E-002
Q5PR[K1] = -6.66000927168113738E-002
YI6_QD4_i[i] =  9.70221501950762483E-002/(-0.027149189411764706/yi6_qd4[l])*p275/c_light
YI6_QF5_i[i] = -9.11251173934478215E-002/(-0.016572460606060605/yi6_qf5[l])*p275/c_light
YI6_QD6_i[i] =  8.81787935205524398E-002/(-0.016572460606060605/yi6_qd6[l])*p275/c_light
YI6_QF7_i[i] = -7.26920128623295692E-002/(-0.013872341176470586/yi6_qf7[l])*p275/c_light
YI6_QD8_i[i] = -3.24370983462093504E-002/(-0.016572460606060605/yi6_qd8[l])*p275/c_light
YI6_QF9_i[i] =  9.70241025802092705E-002/(-0.016572460606060605/yi6_qf9[l])*p275/c_light
yi6_tq4_i[i] = +48/(-0.2381915/yi6_tq4[l])
yi6_tq5_i[i] = -24/(-0.2381915/yi6_tq5[l])
yi6_tq6_i[i] = +24/(-0.2381915/yi6_tq6[l])
B0APF[DB_FIELD] =  3.30004516722093832E+000
B1PF[DB_FIELD] =  3.40001481843452602E+000
