Q1APF[K1] = -1.11217409487415736E-001
Q1BPF[K1] =  0.00000000000000000E+000
Q2PF[K1] =  3.74410886941927007E-002
Q3PF[K1] =  8.01647672735776931E-003
YI6_QD2_I[I] = -3.57103772010553655E+002
BO3_QF8_I[I] = -8.43492123205708481E+002
YO5_QF4_I[I] =  1.39465401288908225E+002
BI5_QD8_I[I] = -9.96317545775522603E+002
YO5_QD7_I[I] = -1.02128117644572183E+003
YO5_QF8_I[I] =  6.68686494331925019E+002
YO5_QD9_I[I] = -1.05529386023266852E+003
yo5_tq%_i[i] = 0
Q1APR[K1] = -1.44807771229697152E-001
Q1BPR[K1] =  0.00000000000000000E+000
Q2PR[K1] =  3.21633301647646572E-002
Q3PR[K1] = -2.05867523973263071E-002
Q4PR[K1] =  2.62161194645110750E-002
Q5PR[K1] = -8.34610067792248694E-002
YI6_QD4_I[I] =  6.43644405258981919E+002
YI6_QF5_I[I] = -1.19597099736335235E+003
YI6_QD6_I[I] =  1.09308831328593055E+003
YI6_QF7_I[I] = -7.51473227259421606E+002
YI6_QD8_I[I] = -6.88732373964351723E+002
YI6_QF9_I[I] =  1.05978395231548120E+003
yi6_tq%_i[i] = 0
B0APF[DB_FIELD] = -2.56270375318689414E+000
B1PF[DB_FIELD] =  5.84607362624132265E-001
