OVQ1PF[K1] = -6.79098123434948436E-002
Q2PF[K1] =  3.80855165548294808E-002
Q3PF[K1] =  8.24781962423757134E-003
QF3_PF[K1] =  4.30320081235997104E-002
YO5_QD5_I[I] =  5.55938269055523961E+003
YO5_QF4_I[I] = -5.32950595438960590E+003
YO5_QF6_I[I] =  4.82130815736972636E+003
YO5_QD7_I[I] =  3.44501581069142048E+003
YO5_QF8_I[I] = -3.75384198012495972E+003
YO5_QD9_I[I] =  4.64835000296512771E+003
yo5_tq4_i[i] = 0
yo5_tq5_i[i] = 150
yo5_tq6_i[i] = 0
Q1APR[K1] = -8.54413478450078978E-002
Q1BPR[K1] = -7.87605005181164636E-002
Q2PR[K1] =  2.85199053033154681E-002
Q3PR[K1] =  5.91039849928706382E-003
Q4PR[K1] =  2.62508013237044320E-002
Q5PR[K1] = -6.66695863727300303E-002
YI6_QD4_I[I] = -6000
YI6_QF5_I[I] =  5.64418162208104150E+003
YI6_QD6_I[I] = -5.44149446534949038E+003
YI6_QF7_I[I] =  4.31662090318228002E+003
YI6_QD8_I[I] =  2.20813483378186083E+003
YI6_QF9_I[I] = -6000
yi6_tq4_i[i] = -150
yi6_tq5_i[i] = +75
yi6_tq6_i[i] = -75
B0APF[DB_FIELD] =  3.30004516722093832E+000
B1PF[DB_FIELD] =  3.40001481843452602E+000
