Q1APF[K1] = -9.23691961322460342E-002
Q1BPF[K1] = -5.34749030822762733E-002
Q2PF[K1] =  3.86208649795399261E-002
Q3PF[K1] =  7.97462651700921524E-003
YO5_QF2_I[I] =  4.30969777606946339E-002*lq3/0.032247392307692316*p275/c_light
YO5_QD5_I[I] = -5.58577182676834400E+003
YO5_QF4_I[I] =  5.26860078707543744E+003
YO5_QF6_I[I] = -4.51573713943956773E+003
YO5_QD7_I[I] = -3.39224610121831893E+003
YO5_QF8_I[I] =  3.58835746783444120E+003
YO5_QD9_I[I] = -4.28729043554491818E+003
yo5_tq4_i[i] = 0
yo5_tq5_i[i] = -150
yo5_tq6_i[i] = 0
Q1APR[K1] = -8.54413478450078978E-002
Q1BPR[K1] = -7.87605005181164636E-002
Q2PR[K1] =  2.85199053033154681E-002
Q3PR[K1] =  5.91039849928706382E-003
Q4PR[K1] =  2.62968841768755103E-002
Q5PR[K1] = -6.52535405523864825E-002
YI6_QD4_I[I] =  5.80144502866498533E+003
YI6_QF5_I[I] = -5.43321661786247023E+003
YI6_QD6_I[I] =  5.27624912812786442E+003
YI6_QF7_I[I] = -4.14883057334751538E+003
YI6_QD8_I[I] = -2.29915579117140987E+003
YI6_QF9_I[I] = +6000
yi6_tq4_i[i] = +150
yi6_tq5_i[i] = -75
yi6_tq6_i[i] = +75
B0APF[DB_FIELD] =  3.3
B1PF[DB_FIELD] =  3.4
