OVQ1PF[K1] = -5.79686955783685551E-002
Q2PF[K1] =  4.52452048681071944E-002
Q3PF[K1] = -5.20873113811926441E-002
QF3_PF[K1] =  2.47354329606165844E-002
YO5_QD5_I[I] = -1.98526137179558759E+002
YO5_QF4_I[I] = -8.15542807484542891E+002
YO5_QF6_I[I] =  1.00400690075754005E+003
YO5_QD7_I[I] = -1.06206045738005491E+003
YO5_QF8_I[I] =  6.87220364928476329E+002
YO5_QD9_I[I] = -9.43752371933796553E+002
yo5_tq%_i[i] = 0
Q1APR[K1] = -1.44807771229697152E-001
Q1BPR[K1] =  0.00000000000000000E+000
Q2PR[K1] =  3.21633301647646572E-002
Q3PR[K1] = -2.05867523973263071E-002
Q4PR[K1] =  2.68965793051566190E-002
Q5PR[K1] = -8.08694760343492414E-002
Q4PR[K1] =  2.60176529991846990E-002
Q5PR[K1] = -8.52662412043459356E-002
YI6_QD4_I[I] =  6.30626826059934729E+002
YI6_QF5_I[I] = -1.19837161560615846E+003
YI6_QD6_I[I] =  1.09600102947418736E+003
YI6_QF7_I[I] = -7.80664040714988914E+002
YI6_QD8_I[I] = -6.87696813213541532E+002
YI6_QF9_I[I] =  1.06021946083676835E+003
yi6_tq%_i[i] = 0
B0APF[DB_FIELD] = -2.48603033167837451E+000
B1PF[DB_FIELD] =  5.82042241844117680E-001
