Q1APF[K1] = -9.06543827078567649E-002
Q1BPF[K1] = -5.24821534913616355E-002
Q2PF[K1] = +3.76257593784654065E-002
Q3PF[K1] = +1.05227175724250561E-002
YI6_QD2_I[I] = +2.93717893131424080E+003
BO3_QF8_I[I] = +5.57777987996179672E+003
YO5_QF4_I[I] = +5.79916138120775486E+003
BI5_QD8_I[I] = +4.99780508855353764E+003
YO5_QD7_I[I] = +3.64555408222965161E+003
YO5_QF8_I[I] = -2.21038430156148053E+002
YO5_QD9_I[I] = -3.57127728747952779E+003
yo5_tq4_i[i] = +150
Q1APR[K1] = -8.54413478450078978E-002
Q1BPR[K1] = -7.87605005181164636E-002
Q2PR[K1] =  2.85199053033154681E-002
Q3PR[K1] =  5.91039849928706382E-003
Q4PR[K1] =  2.62968841768755103E-002
Q5PR[K1] = -6.52535405523864825E-002
YI6_QD4_I[I] =  5.80144502866498533E+003
YI6_QF5_I[I] = -5.43321661786247023E+003
YI6_QD6_I[I] =  5.27624912812786442E+003
YI6_QF7_I[I] = -4.14883057334751538E+003
YI6_QD8_I[I] = -2.29915579117140987E+003
YI6_QF9_I[I] = +6000
yi6_tq4_i[i] = +150
yi6_tq5_i[i] = -75
yi6_tq6_i[i] = +75
B0APF[DB_FIELD] =  3.3
B1PF[DB_FIELD] =  3.4
