Q1APF[K1] = -9.23691961322460342E-002
Q1BPF[K1] = -5.07887922621838225E-002
Q2PF[K1] =  3.70715702307083880E-002
Q3PF[K1] =  1.19008113283227274E-002
YO5_QF2_I[I] =  3.52659373750756777E+003
YO5_QD5_I[I] = -4.90354240822420616E+003
YO5_QF4_I[I] =  5.79579783837157538E+003
YO5_QF6_I[I] = -5.27961099110874875E+003
YO5_QD7_I[I] =  2.86184524938819777E+002
YO5_QF8_I[I] =  3.26153117326549363E+003
YO5_QD9_I[I] = -4.94482979891336890E+003
yo5_tq4_i[i] = +150
yo5_tq5_i[i] = -150
yo5_tq6_i[i] = 0
Q1APR[K1] = -8.54413478450078978E-002
Q1BPR[K1] = -7.87605005181164636E-002
Q2PR[K1] =  2.85199053033154681E-002
Q3PR[K1] =  5.91039849928706382E-003
Q4PR[K1] =  2.62968841768755103E-002
Q5PR[K1] = -6.52535405523864825E-002
YI6_QD4_I[I] =  5.80144502866498533E+003
YI6_QF5_I[I] = -5.43321661786247023E+003
YI6_QD6_I[I] =  5.27624912812786442E+003
YI6_QF7_I[I] = -4.14883057334751538E+003
YI6_QD8_I[I] = -2.29915579117140987E+003
YI6_QF9_I[I] = +6000
yi6_tq4_i[i] = +150
yi6_tq5_i[i] = -75
yi6_tq6_i[i] = +75
B0APF[DB_FIELD] =  3.32804840490208731E+000
B1PF[DB_FIELD] =  3.41613139529427379E+000
