OVQ1PF[K1] = -6.79098123434948436E-002
Q2PF[K1] =  3.80855165548294808E-002
Q3PF[K1] =  8.24781962423757134E-003
QF3_PF[K1] =  4.31972832992231839E-002
YO5_QD5_I[I] = -5.64163755263357325E+003
YO5_QF4_I[I] =  5.24951730082120139E+003
YO5_QF6_I[I] = -4.52888010374307851E+003
YO5_QD7_I[I] = -3.22624390227827416E+003
YO5_QF8_I[I] =  3.46678707641841538E+003
YO5_QD9_I[I] = -4.06832349274760236E+003
yo5_tq4_i[i] = 0
yo5_tq5_i[i] = -150
yo5_tq6_i[i] = 0
Q1APR[K1] = -8.54413478450078978E-002
Q1BPR[K1] = -7.87605005181164636E-002
Q2PR[K1] =  2.85199053033154681E-002
Q3PR[K1] =  5.91039849928706382E-003
Q4PR[K1] =  2.61659493048761391E-002
Q5PR[K1] = -6.72151862134036243E-002
YI6_QD4_I[I] =  6.21689791850825713E+003
YI6_QF5_I[I] = -6.48285789718661272E+003
YI6_QD6_I[I] =  5.61965878658009024E+003
YI6_QF7_I[I] = -3.47977703592864464E+003
YI6_QD8_I[I] = -4.03680053957015389E+003
YI6_QF9_I[I] =  6.27238484209375747E+003
yi6_tq4_i[i] = +150
yi6_tq5_i[i] = -75
yi6_tq6_i[i] = +75
B0APF[DB_FIELD] =  3.30004516722093832E+000
B1PF[DB_FIELD] =  3.40001481843452602E+000
