Q1APF[K1] = -9.07477891063793590E-002
Q1BPF[K1] = -5.25362288575812186E-002
Q2PF[K1] = +3.76166632756067265E-002
Q3PF[K1] = +1.06116069824896582E-002
YI6_QD2_I[I] = +2.97260065425816856E+003
YO5_QF2_I[I] = -3.04731936977982650E+003
YO5_QF4_I[I] = +5.55573633561340648E+003
YO5_QF6_I[I] = -4.98473136652175253E+003
YO5_QD7_I[I] = +4.15743602652183927E+003
YO5_QF8_I[I] = -1.27605917290447428E+003
YO5_QD9_I[I] = -3.11714061036425164E+003
yo5_tq4_i[i] = +150
yo5_tq5_i[i] = -150
yo5_tq6_i[i] = 0
Q1APR[K1] = -8.54413478450078978E-002
Q1BPR[K1] = -7.87605005181164636E-002
Q2PR[K1] =  2.85199053033154681E-002
Q3PR[K1] =  5.91039849928706382E-003
Q4PR[K1] =  2.62968841768755103E-002
Q5PR[K1] = -6.52535405523864825E-002
YI6_QD4_I[I] =  5.80144502866498533E+003
YI6_QF5_I[I] = -5.43321661786247023E+003
YI6_QD6_I[I] =  5.27624912812786442E+003
YI6_QF7_I[I] = -4.14883057334751538E+003
YI6_QD8_I[I] = -2.29915579117140987E+003
YI6_QF9_I[I] = +6000
yi6_tq4_i[i] = +150
yi6_tq5_i[i] = -75
yi6_tq6_i[i] = +75
B0APF[DB_FIELD] =  3.3
B1PF[DB_FIELD] =  3.4
