kq1pf = -6.79098123434948436E-002;
Q2PF, K1 =  3.80855165548294808E-002;
Q3PF, K1 =  8.24781962423757134E-003;
QF3_PF, K1 =  4.31201793561058686E-002;
YO5_QD5_I = -5.58577182676834400E+003;
YO5_QF4_I =  5.24987123292219349E+003;
YO5_QF6_I = -4.42430891158199029E+003;
YO5_QD7_I = -3.41115093909902816E+003;
YO5_QF8_I =  3.55256081243796780E+003;
YO5_QD9_I = -4.23117876215489650E+003;
yo5_tq4_i = 0;
yo5_tq5_i = -150;
yo5_tq6_i = 0;
Q1APR, K1 = -8.54413478450078978E-002;
Q1BPR, K1 = -7.87605005181164636E-002;
Q2PR, K1 =  2.85199053033154681E-002;
Q3PR, K1 =  5.91039849928706382E-003;
Q4PR, K1 =  2.63874517809680013E-002;
Q5PR, K1 = -6.52236386078773323E-002;
YI6_QD4_I =  5.61748331772767961E+003;
YI6_QF5_I = -5.43321661786247023E+003;
YI6_QD6_I =  5.20518985513722055E+003;
YI6_QF7_I = -4.27403663520506962E+003;
YI6_QD8_I = -2.18761201703178313E+003;
YI6_QF9_I = +6000;
yi6_tq4_i = +150;
yi6_tq5_i = -75;
yi6_tq6_i = +75;
B0APF, K0 :=  -3.30004516722093832E+000/beam->brho;
B1PF, K0 :=  -3.40001481843452602E+000/beam->brho;
