OVQ1PF[K1] = -6.79098123434948436E-002
Q2PF[K1] =  3.80855165548294808E-002
Q3PF[K1] =  8.24781962423757134E-003
QF3_PF[K1] =  4.30313007482185511E-002
YO5_QD5[K1] = -9.04739964608283903E-002
YO5_QF4[K1] =  8.70493269142722098E-002
YO5_QF6[K1] = -7.84219585490528587E-002
YO5_QD7[K1] = -5.60877883226063370E-002
YO5_QF8[K1] =  6.11071786212840154E-002
YO5_QD9[K1] = -7.56616338890608725E-002
yo5_tq4[k1] = 0
yo5_tq5[k1] = -48*clight/p275
yo5_tq6[k1] = 0
Q1APR[K1] = -8.54413478450078978E-002
Q1BPR[K1] = -7.87605005181164636E-002
Q2PR[K1] =  2.85199053033154681E-002
Q3PR[K1] =  5.91039849928706382E-003
Q4PR[K1] =  2.62745225639985161E-002
Q5PR[K1] = -6.66000927168113738E-002
YI6_QD4[K1] =  9.70221501950762483E-002
YI6_QF5[K1] = -9.11251173934478215E-002
YI6_QD6[K1] =  8.81787935205524398E-002
YI6_QF7[K1] = -7.26920128623295692E-002
YI6_QD8[K1] = -3.24370983462093504E-002
YI6_QF9[K1] =  9.70241025802092705E-002
yi6_tq4[k1] = +48*c_light/p275
yi6_tq5[k1] = -24*c_light/p275
yi6_tq6[k1] = +24*c_light/p275
B0APF[DB_FIELD] =  3.30004516722093832E+000
B1PF[DB_FIELD] =  3.40001481843452602E+000
