OVQ1PF[K1] = -6.79098123434948436E-002
Q2PF[K1] =  3.80855165548294808E-002
Q3PF[K1] =  8.24781962423757134E-003
QF3_PF[K1] =  4.31239317630243216E-002
YO5_QD5_I[I] = -5.58577182676834400E+003
YO5_QF4_I[I] =  5.24396108927812384E+003
YO5_QF6_I[I] = -4.38890251161572360E+003
YO5_QD7_I[I] = -3.41783886612198648E+003
YO5_QF8_I[I] =  3.54046092497184827E+003
YO5_QD9_I[I] = -4.19808608689272023E+003
yo5_tq4_i[i] = 0
yo5_tq5_i[i] = -150
yo5_tq6_i[i] = 0
Q1APR[K1] = -8.54413478450078978E-002
Q1BPR[K1] = -7.87605005181164636E-002
Q2PR[K1] =  2.85199053033154681E-002
Q3PR[K1] =  5.91039849928706382E-003
Q4PR[K1] =  2.64055273847427115E-002
Q5PR[K1] = -6.52266508419568208E-002
YI6_QD4_I[I] =  5.58447004370140348E+003
YI6_QF5_I[I] = -5.43321661786247023E+003
YI6_QD6_I[I] =  5.18880436067719256E+003
YI6_QF7_I[I] = -4.25929516832846730E+003
YI6_QD8_I[I] = -2.18940645609222292E+003
YI6_QF9_I[I] = +6000
yi6_tq4_i[i] = +150
yi6_tq5_i[i] = -75
yi6_tq6_i[i] = +75
B0APF[DB_FIELD] =  3.30004516722093832E+000
B1PF[DB_FIELD] =  3.40001481843452602E+000
