Q1APF[K1] = -9.06625060392291099E-002
Q1BPF[K1] = -5.24868562967992780E-002
Q2PF[K1] = +3.76277314122635265E-002
Q3PF[K1] = +1.05212205530461674E-002
YI6_QD2_I[I] = +3.11789164719640621E+003
BO3_QF8_I[I] = +5.88370752484921832E+003
YO5_QF4_I[I] = +5.85927806073763077E+003
BI5_QD8_I[I] = +5.08468370998629780E+003
YO5_QD7_I[I] = +3.68393516444689885E+003
YO5_QF8_I[I] = -2.87614535539895257E+002
YO5_QD9_I[I] = -3.67016093847021148E+003
yo5_tq4_i[i] = +150
Q1APR[K1] = -8.54413478450078978E-002
Q1BPR[K1] = -7.87605005181164636E-002
Q2PR[K1] =  2.85199053033154681E-002
Q3PR[K1] =  5.91039849928706382E-003
Q4PR[K1] =  2.63274230697331975E-002
Q5PR[K1] = -6.52200690898994545E-002
YI6_QD4_I[I] =  5.73468128842067836E+003
YI6_QF5_I[I] = -5.43321661786247023E+003
YI6_QD6_I[I] =  5.26670683084684242E+003
YI6_QF7_I[I] = -4.37430839731056858E+003
YI6_QD8_I[I] = -2.14882666386829032E+003
YI6_QF9_I[I] = +6000
yi6_tq4_i[i] = +150
yi6_tq5_i[i] = -75
yi6_tq6_i[i] = +75
B0APF[DB_FIELD] =  3.3
B1PF[DB_FIELD] =  3.4
