QFFUS01[K1] = -7.75232513025278236E-002
qffus02[k1] = -0.09120782005
QFFUS03[K1] =  2.84473178274265472E-002
QUS01C[K1] =  7.20406622154347396E-003
QUS02C[K1] =  89*c_light/p275
QUS03[K1] = -9.64064404648238976E-002
QUS04[K1] =  89*c_light/p275
QUS05[K1] = -8.64708562608553638E-002
QUS06[K1] =  6.14901481601158456E-002
QUS07[K1] = -8.45810487995377475E-002
QUS08[K1] =  9.21679895560858775E-002
QUS09[K1] = -89*c_light/p275
qffds01a[k1] = -0.06766538857
qffds01b[k1] = -0.04855262844
qffds02a[k1] = 0.0372361699
qffds02b[k1] = 0.03352328764
BXDS01A[DG] = -4.14491661207239798E-004
BXDS01B[DG] =  1.49263321001968425E-004
QDS01[K1] =  1.00863903055744848E-002
qds02[k1] = 0.09888237063
qds02a[k1] = -0.1457386072
QDS03A[K1] = -9.06097138206028441E-002
QDS03B[K1] =  1.00542081217687346E-001
QDS04A[K1] =  1.05444135072117640E-001
QDS04B[K1] = -1.06790770773875929E-001
QDS05[K1] = -2.35399227508287130E-002
QDS06[K1] =  1.63796338278272446E-001
QDS07[K1] =  1.32245154684899630E-002
QDS08[K1] = -7.78495344473937867E-002
QDS09[K1] =  5.37336695045699184E-002
QDS10[K1] =  4.16446772322603825E-002
