QFFUS01[K1] = -7.71207066692246729E-002
qffus02[k1] = -0.09120782005
QFFUS03[K1] =  2.84086827706446776E-002
QUS01C[K1] =  7.24204291439298903E-003
QUS02C[K1] =  89*c_light/p275
QUS03[K1] = -9.64283019570170569E-002
QUS04[K1] =  89*c_light/p275
QUS05[K1] = -8.71645976972925396E-002
QUS06[K1] =  6.19512811241995087E-002
QUS07[K1] = -8.78712658435971267E-002
QUS08[K1] =  9.28242564139948045E-002
QUS09[K1] = -89*c_light/p275
qffds01a[k1] = -0.06766538857
qffds01b[k1] = -0.04855262844
qffds02a[k1] = 0.0372361699
qffds02b[k1] = 0.03352328764
BXDS01A[DG] = -4.14491661207239798E-004
BXDS01B[DG] =  1.49263321001968425E-004
QDS01[K1] =  1.00863903055744848E-002
qds02[k1] = 0.09888237063
qds02a[k1] = -0.1457386072
QDS03A[K1] = -9.06097138206028441E-002
QDS03B[K1] =  1.00542081217687346E-001
QDS04A[K1] =  1.05444135072117640E-001
QDS04B[K1] = -1.06790770773875929E-001
QDS05[K1] = -2.37191576959255475E-002
QDS06[K1] =  1.63346542435008069E-001
QDS07[K1] =  1.56944436306032248E-002
QDS08[K1] = -7.87015931103646621E-002
QDS09[K1] =  5.13494293842129065E-002
QDS10[K1] =  4.33934630516948291E-002
