qffus01[k1] = -0.07855341378
qffus02[k1] = -0.09120782005
QFFUS03[K1] =  2.85457633284279221E-002
QUS01C[K1] =  7.10682237781290038E-003
QUS02C[K1] =  9.63871468421345079E-002
QUS03[K1] = -9.69446448299211977E-002
QUS04[K1] =  9.86353130677254109E-002
QUS05[K1] = -6.01992860851744624E-002
QUS06[K1] =  5.53063690431096280E-002
QUS07[K1] = -6.15243460850487117E-002
QUS08[K1] =  7.29805299143582581E-002
QUS09[K1] = -7.34585334467902917E-002
qffds01a[k1] = -0.06766538857
qffds01b[k1] = -0.04855262844
qffds02a[k1] = 0.0372361699
qffds02b[k1] = 0.03352328764
BXDS01A[DG] = -4.14491661207246629E-004
BXDS01B[DG] =  1.49263321001996127E-004
QDS01[K1] =  1.00863854698485245E-002
qds02[k1] = 0.09888237063
qds02a[k1] = -0.1457386072
QDS03A[K1] = -9.06097460062311594E-002
QDS03B[K1] =  1.00542098706493971E-001
QDS04A[K1] =  1.07483263881388805E-001
QDS04B[K1] = -1.17844623101427834E-001
QDS05[K1] = -7.63782321977762857E-003
QDS06[K1] =  1.67740912838197254E-001
QDS07[K1] =  1.97734710941585524E-003
QDS08[K1] = -7.14486937083266549E-002
QDS09[K1] =  6.24635064366862308E-002
QDS10[K1] =  3.33338091755552707E-002
