qffus01[k1] = -0.07855341378
qffus02[k1] = -0.09120782005
QFFUS03[K1] =  2.85457633284279221E-002
QUS01C[K1] =  7.10682237781290038E-003
QUS02C[K1] =  9.63871736730697315E-002
QUS03[K1] = -9.69447613020440330E-002
QUS04[K1] =  9.86358726376739825E-002
QUS05[K1] = -6.01998322859362694E-002
QUS06[K1] =  5.53065022061730860E-002
QUS07[K1] = -6.15242601364990455E-002
QUS08[K1] =  7.29806462721507010E-002
QUS09[K1] = -7.34588427185302179E-002
qffds01a[k1] = -0.06766538857
qffds01b[k1] = -0.04855262844
qffds02a[k1] = 0.0372361699
qffds02b[k1] = 0.03352328764
BXDS01A[DG] = -4.14491661207239798E-004
BXDS01B[DG] =  1.49263321001968425E-004
QDS01[K1] =  1.00863903055744848E-002
qds02[k1] = 0.09888237063
qds02a[k1] = -0.1457386072
QDS03A[K1] = -9.06097138206028441E-002
QDS03B[K1] =  1.00542081217687346E-001
QDS04A[K1] =  1.07483260981747097E-001
QDS04B[K1] = -1.17844626229017091E-001
QDS05[K1] = -7.63779099909635620E-003
QDS06[K1] =  1.67740939495021807E-001
QDS07[K1] =  1.97737813732452731E-003
QDS08[K1] = -7.14486296184391190E-002
QDS09[K1] =  6.24634321558149366E-002
QDS10[K1] =  3.33338877365724276E-002
