QFFUS01[K1] = -7.70264577547081219E-002
qffus02[k1] = -0.09120782005
QFFUS03[K1] =  2.83996234435102725E-002
QUS01C[K1] =  7.25093270659864144E-003
QUS02C[K1] =  89*c_light/p275
QUS03[K1] = -9.64349903623093890E-002
QUS04[K1] =  89*c_light/p275
QUS05[K1] = -8.73049657248249622E-002
QUS06[K1] =  6.20560021259337902E-002
QUS07[K1] = -8.86465720290074144E-002
QUS08[K1] =  9.29678883030669451E-002
QUS09[K1] = -89*c_light/p275
qffds01a[k1] = -0.06766538857
qffds01b[k1] = -0.04855262844
qffds02a[k1] = 0.0372361699
qffds02b[k1] = 0.03352328764
BXDS01A[DG] = -4.14491661207239798E-004
BXDS01B[DG] =  1.49263321001968425E-004
QDS01[K1] =  1.00863903055744848E-002
qds02[k1] = 0.09888237063
qds02a[k1] = -0.1457386072
QDS03A[K1] = -9.06097138206028441E-002
QDS03B[K1] =  1.00542081217687346E-001
QDS04A[K1] =  1.05444135072117640E-001
QDS04B[K1] = -1.06790770773875929E-001
QDS05[K1] = -2.37542778485776429E-002
QDS06[K1] =  1.63239979200625634E-001
QDS07[K1] =  1.62118807124562378E-002
QDS08[K1] = -7.88645709176276910E-002
QDS09[K1] =  5.07911545593673283E-002
QDS10[K1] =  4.38036518389654309E-002
