QFFUS01[K1] = -7.66629742735543129E-002
qffus02[k1] = -0.09120782005
QFFUS03[K1] =  2.83646365200842347E-002
QUS01C[K1] =  7.28521098343211989E-003
QUS02C[K1] =  89*c_light/p275
QUS03[K1] = -9.64656530216389529E-002
QUS04[K1] =  89*c_light/p275
QUS05[K1] = -8.77556658080091978E-002
QUS06[K1] =  6.24399989243173831E-002
QUS07[K1] = -9.16385288529299319E-002
QUS08[K1] =  9.35361371411192327E-002
QUS09[K1] = -89*c_light/p275
qffds01a[k1] = -0.06766538857
qffds01b[k1] = -0.04855262844
qffds02a[k1] = 0.0372361699
qffds02b[k1] = 0.03352328764
BXDS01A[DG] = -4.14491661207239798E-004
BXDS01B[DG] =  1.49263321001968425E-004
QDS01[K1] =  1.00863903055744848E-002
qds02[k1] = 0.09888237063
qds02a[k1] = -0.1457386072
QDS03A[K1] = -9.06097138206028441E-002
QDS03B[K1] =  1.00542081217687346E-001
QDS04A[K1] =  1.05515025792075445E-001
QDS04B[K1] = -1.07417276929956812E-001
QDS05[K1] = -2.29434796122708617E-002
QDS06[K1] =  1.63102824600737245E-001
QDS07[K1] =  1.93240828172939368E-002
QDS08[K1] = -7.95000373312339803E-002
QDS09[K1] =  4.76943841027573090E-002
QDS10[K1] =  4.62357635426351374E-002
