Y8_Q6_PS[I] =  1.55508033617391330E+001
Y8_Q7_PS[I] =  3.48411545534195966E+002
Y8_Q89_PS[I] = -2.78000000000000000E+002
YI7_QF1_PS[I] =  1.90000000000000000E+002
YI7_QD2_PS[I] =  1.11105133800706724E+002
YI7_QF3_PS[I] = -5.61572777345026530E+000
YI7_TQ4_PS[I] =  1.40000000000000000E+002
YI7_TQ5_PS[I] = -1.74195608546000393E+001
YI7_TQ6_PS[I] =  1.67918192663797932E+001
YI7_QF9_PS[I] = -1.51000000000000000E+002
YO8_QD1_PS[I] =  1.00000000000000000E+000
YO8_QF2_PS[I] =  6.81786720669211803E+001
YO8_QD3_PS[I] = -2.80000000000000000E+002
YO8_TQ4_PS[I] = -1.34870683194164855E+002
YO8_TQ5_PS[I] = -3.53298638249623522E+001
YO8_TQ6_PS[I] = -3.57262813290501384E+001
YO8_QF8_PS[I] = -1.00000000000000000E+000
