Y_QMAIN_PS[I] =  4.80759712367800785E+003
Y_QTRIM_PS[I] =  5.13854180057036274E+001
B_QMAIN_PS[I] =  -Y_QMAIN_PS[I]
B_QTRIM_PS[I] =  -Y_QTRIM_PS[I]
BI1_SXD1_PS[I] =  1.16474699788191991E+001
BI1_SXD2_PS[I] =  1.16474699788191991E+001
BI1_SXF1_PS[I] =  6.24181990868015824E+000
BI1_SXF2_PS[I] =  6.24181990868015824E+000
YI3_SXD1_PS[I] =  1.16474699788191991E+001
YI3_SXD2_PS[I] =  1.16474699788191991E+001
YI3_SXF1_PS[I] =  6.24181990868015824E+000
YI3_SXF2_PS[I] =  6.24181990868015824E+000
YO5_SXD1_PS[I] =  1.16474699788191991E+001
YO5_SXD2_PS[I] =  1.16474699788191991E+001
YO5_SXF1_PS[I] =  6.24181990868015824E+000
YO5_SXF2_PS[I] =  6.24181990868015824E+000
YI7_SXD1_PS[I] =  1.16474699788191991E+001
YI7_SXD2_PS[I] =  1.16474699788191991E+001
YI7_SXF1_PS[I] =  6.24181990868015824E+000
YI7_SXF2_PS[I] =  6.24181990868015824E+000
