Y_QMAIN_PS[I] =  4.99735773575800795E+003
Y_QTRIM_PS[I] =  1.60364358405703626E+002
YI3_QF1_PS[I] =  1.30465013670384486E+001
YO4_QD1_PS[I] =  1.30465013670388590E+001
YI3_QD2_PS[I] =  7.98198550024402351E+001
YO4_QF2_PS[I] =  7.98198550024400078E+001
YO4_QD3_PS[I] = -2.86780274175115153E+002
YI3_QF3_PS[I] = -2.86780274175114755E+002
YI3_QD6_PS[I] =  1.30952150936027572E+001
YO4_QF6_PS[I] =  1.30952150936023592E+001
YI3_QF7_PS[I] =  5.39738887857193049E+002
YO4_QD7_PS[I] =  5.39738887857193504E+002
YI3_QF9_PS[I] = -7.17909811930329056E+001
Y4_Q89_PS[I] = -2.82616724670918302E+002
YO4_QF8_PS[I] = -1.03849929526056002E+002
YI3_TQ4_PS[I] =  6.67823999326100761E+001
YO4_TQ4_PS[I] = -6.67823999326100761E+001
YI3_TQ5_PS[I] =  6.67531699019424849E+001
YO4_TQ5_PS[I] = -6.67531699019424849E+001
YI3_TQ6_PS[I] = -6.00341577403816515E+001
YO4_TQ6_PS[I] =  5.80458721385354224E+001
YI3_SXD1_PS[I] =  1.16474699788191991E+001
YI3_SXD2_PS[I] =  1.16474699788191991E+001
YI3_SXF1_PS[I] =  6.24181990868015824E+000
YI3_SXF2_PS[I] =  6.24181990868015824E+000
YO5_SXD1_PS[I] =  1.16474699788191991E+001
YO5_SXD2_PS[I] =  1.16474699788191991E+001
YO5_SXF1_PS[I] =  6.24181990868015824E+000
YO5_SXF2_PS[I] =  6.24181990868015824E+000
YI7_SXD1_PS[I] =  1.16474699788191991E+001
YI7_SXD2_PS[I] =  1.16474699788191991E+001
YI7_SXF1_PS[I] =  6.24181990868015824E+000
YI7_SXF2_PS[I] =  6.24181990868015824E+000
