Q1APF[K1] = -9.1440052400228095E-02
Q1BPF[K1] = -5.2936997881195734E-02
Q2PF[K1] =  4.59273402117521268E-002
Q3PF[K1] = -3.01476553539844760E-002
YI6_QD2_I[I] =  1.33999095152342898E+003
BO3_QF8_I[I] =  5.05952088969761735E+003
YO5_QF4_I[I] = -1.81133952094187839E+003
BI5_QD8_I[I] = -1.47415792353909501E+003
YO5_QD7_I[I] =  1.23974601193485728E+003
YO5_QF8_I[I] = -1.65071445529439848E+003
YO5_QD9_I[I] =  1.55543196190471963E+003
H5_Q11_I[I] =  1.58095096618913976E+003
yo5_tq*_i[i] = 0
Q1APR[K1] = -1.03264302788677084E-001
Q1BPR[K1] = -1.03264302788677084E-001
Q2PR[K1] =  3.68287871708698616E-002
Q3PR[K1] = -1.46260090947468741E-002
Q4PR[K1] =  2.71536342917117375E-002
Q5PR[K1] = -8.32590115053647439E-002
YI6_QD4_I[I] =  1.81388871054843207E+003
YI6_QF5_I[I] = -2.84227159074211477E+003
YI6_QD6_I[I] =  2.55803929402693075E+003
YI6_QF7_I[I] = -1.71435028969682867E+003
YI6_QD8_I[I] = -1.67205272215154127E+003
YI6_QF9_I[I] =  2.54317930816952912E+003
yi6_tq*_i[i] = 0
B0APF[DB_FIELD] = -1.16822717192868786E+000
B1PF[DB_FIELD] =  1.25562288698086810E+000
