Q1APF[K1] = -9.14531919213995431E-02
Q1BPF[K1] = -5.29446046879084864E-02
Q2PF[K1] =  4.63252121647908313E-002
Q3PF[K1] = -3.41232563955514018E-002
YI6_QD2_I[I] =  1.33227877980512721E+003
BO3_QF8_I[I] =  5.00873470250968512E+003
YO5_QF4_I[I] = -1.76680217565291696E+003
BI5_QD8_I[I] = -1.38424172634136266E+003
YO5_QD7_I[I] =  1.36013257590418584E+003
YO5_QF8_I[I] = -1.64527671001610520E+003
YO5_QD9_I[I] =  1.60901417026090712E+003
H5_Q11_I[I] =  1.60925782261209361E+003
yo5_tq*_i[i] = 0
Q1APR[K1] = -1.03195447985694272E-001
Q1BPR[K1] = -1.03195447985694272E-001
Q2PR[K1] =  3.64897938437621569E-002
Q3PR[K1] = -1.27958628406593111E-002
Q4PR[K1] =  2.71123830900467239E-002
Q5PR[K1] = -8.07997954122245260E-002
YI6_QD4_I[I] =  1.89987016203204121E+003
YI6_QF5_I[I] = -2.83037614178391641E+003
YI6_QD6_I[I] =  2.53522641099352040E+003
YI6_QF7_I[I] = -1.67901990101660886E+003
YI6_QD8_I[I] = -1.64834122789112075E+003
YI6_QF9_I[I] =  2.51931934710230780E+003
yi6_tq*_i[i] = 0
B0APF[DB_FIELD] = -1.17485629280818094E+000
B1PF[DB_FIELD] =  1.25355764781154599E+000
