Q1APF[K1] = -9.14441585123741824E-02
Q1BPF[K1] = -5.29393750151132200E-02
Q2PF[K1] =  4.63233298201370797E-002
Q3PF[K1] = -3.41192333557474789E-002
YI6_QD2_I[I] =  1.32967460010261379E+003
BO3_QF8_I[I] =  4.97832488075781657E+003
YO5_QF4_I[I] = -1.77142605958203285E+003
BI5_QD8_I[I] = -1.39014225115355771E+003
YO5_QD7_I[I] =  1.35599382937887390E+003
YO5_QF8_I[I] = -1.64434779899299997E+003
YO5_QD9_I[I] =  1.60630371962939807E+003
H5_Q11_I[I] =  1.60755537008138458E+003
yo5_tq*_i[i] = 0
Q1APR[K1] = -7.29247148034497111E-002
Q1BPR[K1] = -1.29626996433982511E-001
Q2PR[K1] =  3.76070752721677642E-002
Q3PR[K1] = -1.45871726494361566E-002
Q4PR[K1] =  2.69860639906116945E-002
Q5PR[K1] = -5.18527100958668871E-002
YI6_QD4_I[I] =  1.89409188723919920E+003
YI6_QF5_I[I] = -2.82911543943536799E+003
YI6_QD6_I[I] =  2.52544638416838552E+003
YI6_QF7_I[I] = -1.74731363269000462E+003
YI6_QD8_I[I] = -1.67767079864578977E+003
YI6_QF9_I[I] =  2.52956706133612715E+003
yi6_tq*_i[i] = 0
B0APF[DB_FIELD] = -1.17488049610857215E+000
B1PF[DB_FIELD] =  1.25356342922933095E+000
