H01O_Q7_I[I] =  1.16609994061975112E+003
H01O_TQ7_I[I] = -5.79070327170102317E+001
H01O_Q6_I[I] = -8.25315143982760333E+002
H01O_TQ6_I[I] =  4.70739377615448262E+001
H01O_Q5_I[I] =  0.00000000000000000E+000   ! Not used in optimizing
H01O_TQ5_I[I] =  4.30046391875975953E+000
H01O_Q4_I[I] =  4.24828598972855431E+001
H01O_TQ4_I[I] = -1.34933038609833700E+000
H01O_Q3_I[I] = -2.53302742868116866E+002
H01O_Q2_I[I] =  1.59682314663150009E+002
H01O_Q1_I[I] = -1.32739156720090620E+002
H01O_Q00B[K1] = -9.06813249287077017E-002
H01O_Q00A[K1] =  8.44236701508538079E-002
H02_Q00A[K1] = -1.81984209731773199E-002
H02_Q00B[K1] =  3.50057081504290893E-002
H02_Q1_I[I] = -4.79694279967928253E+002
H02_Q2_I[I] =  3.68766877411811663E+002
H02_Q3_I[I] = -1.03542976209328785E+002
H02_TQ4_I[I] =  8.30419414069242201E+000
H02_Q4_I[I] = -2.48480671927168288E+002
H02_Q5_I[I] =  7.67168532660429264E+002
H02_TQ5_I[I] = -4.37103892707561101E+001
H02_TQ6_I[I] = -2.59869456693417504E+001
H02_Q6_I[I] = -6.69811918124792811E+001
