H01O_Q7_I[I] =  1.32272829994589279E+003
H01O_TQ7_I[I] = -7.23744429302775814E+001
H01O_Q6_I[I] =  1.73159477890237866E+002
H01O_TQ6_I[I] = -2.21545900903275523E+001
H01O_Q5_I[I] = -6.69015186121769911E+000
H01O_TQ5_I[I] =  1.03174204028092245E+001
H01O_Q4_I[I] =  1.01902718185482655E+002
H01O_TQ4_I[I] = -5.69673101607377408E+000
H01O_Q3_I[I] = -2.05314803601793869E+002
H01O_Q2_I[I] =  6.52385446503675297E+001
H01O_Q1_I[I] = -5.75686207591735766E+001
H01O_Q00B[K1] = -5.73834715922243305E-002
H01O_Q00A[K1] =  4.58038578555993170E-002
H02_Q00A[K1] = -1.62155799216915850E-002
H02_Q00B[K1] =  1.17840860973196047E-002
H02_Q1_I[I] = -6.29425143006890607E+002
H02_Q2_I[I] =  3.69290132991971291E+002
H02_Q3_I[I] = -7.44316125588113096E+001
H02_TQ4_I[I] =  7.10638292585107756E+000
H02_Q4_I[I] = -2.21119513167105396E+002
H02_Q5_I[I] =  7.14484451939629935E+002
H02_TQ5_I[I] = -4.07937421876193866E+001
H02_TQ6_I[I] =  0.00000000000000000E+000
H02_Q6_I[I] = -2.71402267376152508E+002
