Q1APF, K1 = -9.20329825411568825E-02;
Q1BPF, K1 = -5.32802603880528011E-02;
Q2PF, K1 = 4.41666052385152746E-002;
Q3PF, K1 = -5.73400096315223803E-002;
H5_Q04_I = -3.11475895771285593E+002;
H5_Q05_I = 6.02451980216246966E+002;
H5_Q06_I = -4.18965791820547793E+002;
H5_Q07_I = 4.72614974137244928E+002;
H5_Q08_I = -4.22701907026282470E+002;
H5_Q09_I = 4.16452606730071352E+002;
H5_Q10_I = -4.04574827464456348E+002;
H5_Q11_I = 5.64475170117167977E+002;
B0APF, K0 := -(2.61801044513436554E-001)/beam->brho;
B1PF, K0 := -(2.86113398510799199E-001)/beam->brho;
h5_tq05_i = 0;
h5_tq06_i = 0;
h5_tq11_i = 0;
Q1APR, K1 = -8.39092866398868931E-002;
Q1BPR, K1 = -8.39092866398868931E-002;
Q2PR, K1 = 4.81421051119021934E-002;
H6_Q3, K1 = -9.32688737747726648E-002;
H6_Q04_I = -1.76514380998281410E+002;
H6_Q05_I = 4.64251506621725525E+002;
H6_Q06_I = -1.92388072911929982E+002;
H6_Q07_I = 2.80720810297383650E+002;
H6_Q08_I = -1.26253817248055134E+003;
H6_Q09_I = 2.49059266020806263E+002;
H6_Q10_I = -5.74451491981136542E+002;
h6_tq05_i = 0;
h6_tq06_i = 0;
h6_tq07_i = 0;
h6_tq08_i = 7.29381711375531978E+01;
h6_tq10_i = 0;
kb0pf := -8.12223828336297515E+00*clight/p275;
