Q1APF[K1] = -9.20329825411568825E-02
Q1BPF[K1] = -5.32802603880528011E-02
Q2PF[K1] =  4.41666052385152746E-002
Q3PF[K1] = -5.73400096315223803E-002
H5_Q04_I[I] = -3.11491205442805608E+002
H5_Q05_I[I] =  6.02026595836311230E+002
H5_Q06_I[I] = -4.18997876861841974E+002
H5_Q07_I[I] =  4.72308211795920158E+002
H5_Q08_I[I] = -4.22575766025944574E+002
H5_Q09_I[I] =  4.17255933917844857E+002
H5_Q10_I[I] = -4.05682311443628009E+002
H5_Q11_I[I] =  5.66264757758384917E+002
B0APF[DB_FIELD] =  2.58544656338811740E-001
OV_B1PF[DB_FIELD] =  2.97635346677291246E-001
h5_tq05_i[i] = 0
h5_tq06_i[i] = 0
h5_tq11_i[i] = 0
Q1APR[K1] = -8.41835293163167020E-002
Q1BPR[K1] = -8.41835293163167020E-002
Q2PR[K1] =  4.82367125509233149E-002
H6_Q3[K1] = -9.98097428314757701E-002
H6_Q04_I[I] = -1.78848919194434586E+002
H6_Q05_I[I] =  4.62711233129494303E+002
H6_Q06_I[I] = -1.84617382645132267E+002
H6_Q07_I[I] =  2.41041129210050542E+002
H6_Q08_I[I] = -1.25555360430522046E+003
H6_Q09_I[I] =  2.55084527857834587E+002
H6_Q10_I[I] = -5.72086533968924641E+002
h6_tq05_i[i] = 0
h6_tq06_i[i] = 0
h6_tq07_i[i] = 0
H6_TQ08_I[I] =  7.33316981246713908E+001
h6_tq10_i[i] = 0
