Q1APF[K1] = -9.20329825411568825E-02
Q1BPF[K1] = -5.32802603880528011E-02
Q2PF[K1] =  4.41666052385152746E-002
Q3PF[K1] = -5.73400096315223803E-002
H5_Q04_I[I] = -3.11491205442805608E+002
H5_Q05_I[I] =  6.02026595836311230E+002
H5_Q06_I[I] = -4.18997876861841974E+002
H5_Q07_I[I] =  4.72308211795920158E+002
H5_Q08_I[I] = -4.22575766025944574E+002
H5_Q09_I[I] =  4.17255933917844857E+002
H5_Q10_I[I] = -4.05682311443628009E+002
H5_Q11_I[I] =  5.66264757758384917E+002
B0APF[DB_FIELD] =  2.58544656338811740E-001
OV_B1PF[DB_FIELD] =  2.97635346677291246E-001
h5_tq05_i[i] = 0
h5_tq06_i[i] = 0
h5_tq11_i[i] = 0
Q1APR[K1] = -8.08356455060279533E-002
Q1BPR[K1] = -8.08356455060279533E-002
Q2PR[K1] =  4.72677623726851445E-002
H6_Q3[K1] = -9.57614485931358173E-002
H6_Q04_I[I] = -1.76035816287113050E+002
H6_Q05_I[I] =  5.15717719619934883E+002
H6_Q06_I[I] = -2.02218237181678347E+002
H6_Q07_I[I] =  2.99932773684166705E+002
H6_Q08_I[I] = -1.27667179821037234E+003
H6_Q09_I[I] =  2.73841531395456684E+002
H6_Q10_I[I] = -5.80163169068389152E+002
h6_tq06_i[i] = 0
h6_tq08_i[i] = 7.29381711375531978E+01
h6_tq10_i[i] = 0
