Q1APF, K1 = -9.20329825411568825E-02;
Q1BPF, K1 = -5.32802603880528011E-02;
Q2PF, K1 = 4.41666052385152746E-002;
Q3PF, K1 = -5.73400096315223803E-002;
H5_Q04_I = -3.11476170396901011E+002;
H5_Q05_I = 6.02456966704799470E+002;
H5_Q06_I = -4.18961424593015863E+002;
H5_Q07_I = 4.72590045038404980E+002;
H5_Q08_I = -4.22702275688246687E+002;
H5_Q09_I = 4.16479531007697744E+002;
H5_Q10_I = -4.04588424137696563E+002;
H5_Q11_I = 5.64489141496690536E+002;
kb0pf := -8.12223828336297515E+00*clight/p275;
B0APF, K0 := -(2.61801044513430003E-001)/beam->brho;
B1PF, K0 := -(2.86113398510798977E-001)/beam->brho;
h5_tq05_i = 0;
h5_tq06_i = 0;
h5_tq11_i = 0;
Q1APR, K1 = -7.27588476934842576E-002;
Q1BPR, K1 = -7.27588476934842576E-002;
Q2PR, K1 = 3.34172725104710730E-002;
H6_Q3, K1 = -7.11133643832558282E-002;
H6_Q04_I := -9.50679503602152778E+001*pp/pau_u;
H6_Q05_I := 9.49249127682941207E+001*pp/pau_u;
H6_Q06_I := -6.62640012715878868E+001*pp/pau_u;
H6_Q07_I := 1.88181120530865712E+002*pp/pau_u;
H6_Q08_I := -1.28158614998281428E+003*pp/pau_u;
H6_TQ08_I := 7.45436737905793905E+001*pp/pau_u;
H6_Q09_I := 2.93145079295186235E+002*pp/pau_u;
H6_Q10_I := -6.15821823931527206E+002*pp/pau_u;
h6_tq06_i = 0;
h6_tq10_i = 0;
