Q1APF[K1] = -9.22181083653856593E-02
Q1BPF[K1] = -5.33874344885449936E-02
Q2PF[K1] =  4.41677211833038375E-002
Q3PF[K1] = -5.70832163484453481E-002
H5_Q04_I[I] = -3.11934008319240149E+002
H5_Q05_I[I] =  6.06881148901328743E+002
H5_Q06_I[I] = -4.12445702184633376E+002
H5_Q07_I[I] =  4.55789152770575356E+002
H5_Q08_I[I] = -4.24556704972411524E+002
H5_Q09_I[I] =  4.06686335974258327E+002
H5_Q10_I[I] = -4.10918842135842851E+002
H5_Q11_I[I] =  5.78390946970545428E+002
B0APF[DB_FIELD] =  2.62209998169319947E-001
B1PF[DB_FIELD] =  2.86140377762201026E-001
h5_tq05_i[i] = 0
h5_tq06_i[i] = 0
h5_tq11_i[i] = 0
Q1APR[K1] = -7.27588476934842576E-002
Q1BPR[K1] = -7.27588476934842576E-002
Q2PR[K1] =  3.34172725104710730E-002
H6_Q3[K1] = -7.11133643832558282E-002
H6_Q04_I[I] = -9.50679503602152778E+001*pp/pau_u
H6_Q05_I[I] =  9.49249127682941207E+001*pp/pau_u
H6_Q06_I[I] = -6.62640012715878868E+001*pp/pau_u
H6_Q07_I[I] =  1.88181120530865712E+002*pp/pau_u
H6_Q08_I[I] = -1.28158614998281428E+003*pp/pau_u
H6_TQ08_I[I] =  7.45436737905793905E+001*pp/pau_u
H6_Q09_I[I] =  2.93145079295186235E+002*pp/pau_u
H6_Q10_I[I] = -6.15821823931527206E+002*pp/pau_u
h6_tq06_i[i] = 0
h6_tq10_i[i] = 0
