IR10_QD1_PS[I] =  1.90000000000000000E+002
IR10_QF2_PS[I] = +8.29261074080992415e+01
IR10_QD3_PS[I] = -2.80000000000000000E+002
IR10_TQ4_PS[I] = -3.63516899529846000e+01
IR10_TQ5_PS[I] = -8.92763115140644770e-01
IR10_TQ6_PS[I] = -1.84558110197593379E+001
IR10_QF6_PS[I] =  1.35000000000000000E+002
IR10_QD7_PS[I] = +5.22342236498273110e+02
IR10_QF8_PS[I] = -1.50000000000000000E+002
IR10_QD9_PS[I] = -2.78000000000000000E+002
