IR10_QD1_PS[I] =  4.19436444174012095E+001
IR10_QF2_PS[I] =  4.11680860191221996E+001
IR10_QD3_PS[I] = -2.52056355582489289E+002
IR10_TQ4_PS[I] = -7.20563555824957263E+001
IR10_TQ5_PS[I] =  5.06076415042634054E+001
IR10_TQ6_PS[I] = -2.64171642084355014E+001
IR10_QF6_PS[I] =  4.19436444175105478E+001
IR10_QD7_PS[I] =  4.19436444175133190E+001
IR10_QF8_PS[I] = -3.29436444173688585E+001
IR10_QD9_PS[I] =  2.50056355582354456E+002
