IR10_QD1_PS[I] = +5.54625168524175223e+01
IR10_QF2_PS[I] = +2.53675415223784171e+01
IR10_QD3_PS[I] = -2.38537483147582464e+02
IR10_TQ4_PS[I] = -5.85374831475824777e+01
IR10_TQ5_PS[I] = +6.93412198435111691e+01
IR10_TQ6_PS[I] = -4.04368393790582701e+01
IR10_QF6_PS[I] = +5.54625168524175223e+01
IR10_QD7_PS[I] = +5.54625168524175223e+01
IR10_QF8_PS[I] = -4.64625168524175223e+01
IR10_QD9_PS[I] = +2.36537483147582464e+02
