B12_Q6_PS[I] = -4.82001056908162653e+01
B12_Q7_PS[I] = -4.82001056908162653e+01
B12_Q89_PS[I] = +3.80839094908004299e+01
BO11_QD1_PS[I] = -4.82001056908162653e+01
BO11_QF2_PS[I] = -7.84025059316669228e+01
BO11_QD3_PS[I] = +2.45799894309183742e+02
BO11_TQ4_PS[I] = +2.12937286663249701e+01
BO11_TQ5_PS[I] = +2.84461305208575226e+01
BO11_TQ6_PS[I] = -6.57998943091837276e+01
BO11_QF8_PS[I] = +3.92001056908162653e+01
BI12_QF1_PS[I] = -4.82001056908162653e+01
BI12_QD2_PS[I] = -5.37720310625195381e+01
BI12_QF3_PS[I] = +2.45799894309183742e+02
BI12_TQ4_PS[I] = +1.63410401340084697e+01
BI12_TQ5_PS[I] = -4.86457166118551285e+01
BI12_TQ6_PS[I] = +6.57998943091837276e+01
BI12_QF9_PS[I] = +1.15799894309183728e+02
