B12_Q6_PS[I] = -4.14105207382511651E+001
B12_Q7_PS[I] = -4.14105207382511651E+001
B12_Q89_PS[I] = -1.68092517027883552E+001
BO11_QD1_PS[I] = -4.14105207382511651E+001
BO11_QF2_PS[I] = -8.43831203441642543E+001
BO11_QD3_PS[I] =  2.52589479261748835E+002
BO11_TQ4_PS[I] =  1.84374585753696287E+001
BO11_TQ5_PS[I] =  4.27330965843984387E+001
BO11_TQ6_PS[I] = -7.25894792617488349E+001
BO11_QF8_PS[I] =  3.24105207382511651E+001
BI12_QF1_PS[I] = -4.14105207382511651E+001
BI12_QD2_PS[I] = -4.56774652802218029E+001
BI12_QF3_PS[I] =  2.52589479261748835E+002
BI12_TQ4_PS[I] = -5.52910842678411552E+000
BI12_TQ5_PS[I] = -4.39834472717090321E+001
BI12_TQ6_PS[I] =  7.25894792617488349E+001
BI12_QF9_PS[I] =  1.22589479261748835E+002
