IR2_Q1_I = +2.87828555055465472e+02;
IR2_Q2_I = +2.39225632410548906e+03;
IR2_Q3_I = -1.94608692328085658e+03;
IR2_Q4_I = -3.17826116109863278e+03;
IR2_Q5_I = +2.71852260552426742e+03;
IR2_Q6_I = +4.62409952365700246e+03;
IR2_Q7_I = -5.64776678200685092e+03;
IR2_Q8_I = +9.35728012704175399e+02;
IR2_Q9_I = +2.76039387221878951e+03;
