IR2_Q1_I = -3.74375030200845288e+02;
IR2_Q2_I = +2.86682259230023465e+03;
IR2_Q3_I = -1.83202162926843380e+03;
IR2_Q4_I = -3.65022282003934151e+03;
IR2_Q5_I = +3.01870136573532955e+03;
IR2_Q6_I = +4.80010286801073653e+03;
IR2_Q7_I = -5.68138531153241911e+03;
IR2_Q8_I = +5.70207030049804303e+02;
IR2_Q9_I = +3.33456454887820428e+03;
