IR2_Q1_I[I] = -4.75360167555685621E+002
IR2_Q2_I[I] =  2.91460089136948318E+003
IR2_Q3_I[I] = -1.79287330328470603E+003
IR2_Q4_I[I] = -3.72754863308902213E+003
IR2_Q5_I[I] =  3.05700217656925497E+003
IR2_Q6_I[I] =  4.78020619758246175E+003
IR2_Q7_I[I] = -5.67952435392908774E+003
IR2_Q8_I[I] =  6.19851345136921282E+002
IR2_Q9_I[I] =  3.30306130678904219E+003
