IR2_Q1_I[I] = +3.03565529776725612e+02
IR2_Q2_I[I] = +2.37078513560167085e+03
IR2_Q3_I[I] = -1.94108496218786581e+03
IR2_Q4_I[I] = -3.16849920025732808e+03
IR2_Q5_I[I] = +2.70744235678612358e+03
IR2_Q6_I[I] = +4.65873370332193008e+03
IR2_Q7_I[I] = -5.65434962708566036e+03
IR2_Q8_I[I] = +8.62772327068434947e+02
IR2_Q9_I[I] = +2.83771362760847251e+03
