YI3_QD6_PS[I] = +5.46187464153464148e+01
YI3_QF7_PS[I] = +5.09381253584653564e+02
Y4_Q89_PS[I] = -1.15827694471823747e+02
YI3_QF1_PS[I] = +5.46187464153464148e+01
YI3_QD2_PS[I] = +6.50229139234050422e+01
YI3_QF3_PS[I] = -1.89859195469270048e+02
YI3_TQ4_PS[I] = +5.93812535846535852e+01
YI3_TQ5_PS[I] = +1.85423696861646086e+01
YI3_TQ6_PS[I] = -1.41523294701248208e+01
YI3_QF9_PS[I] = -8.41957457830628329e+01
YO4_QD1_PS[I] = +5.46187464153464148e+01
YO4_QF2_PS[I] = +9.93812535846535923e+01
YO4_QD3_PS[I] = -1.64052914348637586e+02
YO4_TQ4_PS[I] = -1.13013474540909229e+01
YO4_TQ5_PS[I] = -4.11773367890644053e+01
YO4_TQ6_PS[I] = +5.39701355851922386e+01
YO4_QF8_PS[I] = -4.56187464153464148e+01
YO4_QF6_PS[I] = YI3_QD6_PS[I]
YO4_QD7_PS[I] = YI3_QF7_PS[I]
