YI3_QD6_PS[I] =  4.14063992429391092E+001
YI3_QF7_PS[I] =  4.14063992429391092E+001
Y4_Q89_PS[I] =  1.68139149987872969E+001
YI3_QF1_PS[I] =  4.14063992429391092E+001
YI3_QD2_PS[I] =  4.56611236721835496E+001
YI3_QF3_PS[I] = -2.52593600757060898E+002
YI3_TQ4_PS[I] =  5.53478662235003505E+000
YI3_TQ5_PS[I] =  4.39828085533243183E+001
YI3_TQ6_PS[I] = -7.25936007570608979E+001
YI3_QF9_PS[I] = -1.22593600757060898E+002
YO4_QD1_PS[I] =  4.14063992429391092E+001
YO4_QF2_PS[I] =  8.43913860456146239E+001
YO4_QD3_PS[I] = -2.52593600757060898E+002
YO4_TQ4_PS[I] = -1.84353850605190992E+001
YO4_TQ5_PS[I] = -4.27397151978082306E+001
YO4_TQ6_PS[I] =  7.25936007570608979E+001
YO4_QF8_PS[I] = -3.24063992429391092E+001
YO4_QF6_PS[I] = YI3_QD6_PS[I]
YO4_QD7_PS[I] = YI3_QF7_PS[I]
