YI3_QD6_PS[I] = +1.35000000000000000E+002
YI3_QF7_PS[I] = +4.26120317529103431e+02
Y4_Q89_PS[I] = -1.93181984868044935e+02
YI3_QF1_PS[I] = +6.00000000000000000E+001
YI3_QD2_PS[I] = +7.43837213958306336e+01
YI3_QF3_PS[I] = -2.80000000000000000E+002
YI3_TQ4_PS[I] = +1.00000000000000000E+002
YI3_TQ5_PS[I] = +1.14330437134544525e+01
YI3_TQ6_PS[I] = -6.87316890792738810e+00
YI3_QF9_PS[I] = -6.00000000000000000E+001
YO4_QD1_PS[I] = +6.00000000000000000E+001
YO4_QF2_PS[I] = +1.40000000000000000E+002
YO4_QD3_PS[I] = -2.21906263964334897e+02
YO4_TQ4_PS[I] = -2.64864713086721473e+01
YO4_TQ5_PS[I] = -4.64709057833276162e+01
YO4_TQ6_PS[I] = +6.67852810980093921e+01
YO4_QF8_PS[I] = -6.00000000000000000E+001
YO4_QF6_PS[I] = YI3_QD6_PS[I]
YO4_QD7_PS[I] = YI3_QF7_PS[I]
