YI3_QD6_PS[I] = +4.81964589764142062e+01
YI3_QF7_PS[I] = +4.81964589764142062e+01
Y4_Q89_PS[I] = -3.80790157937470823e+01
YI3_QF1_PS[I] = +4.81964589764142062e+01
YI3_QD2_PS[I] = +5.37553126763175015e+01
YI3_QF3_PS[I] = -2.45803541023585808e+02
YI3_TQ4_PS[I] = -1.63372167211912647e+01
YI3_TQ5_PS[I] = +4.86455148133131630e+01
YI3_TQ6_PS[I] = -6.58035410235857938e+01
YI3_QF9_PS[I] = -1.15803541023585794e+02
YO4_QD1_PS[I] = +4.81964589764142062e+01
YO4_QF2_PS[I] = +7.84095655078931628e+01
YO4_QD3_PS[I] = -2.45803541023585808e+02
YO4_TQ4_PS[I] = -2.12914455897418549e+01
YO4_TQ5_PS[I] = -2.84522414585670091e+01
YO4_TQ6_PS[I] = +6.58035410235857938e+01
YO4_QF8_PS[I] = -3.91964589764142062e+01
YO4_QF6_PS[I] = YI3_QD6_PS[I]
YO4_QD7_PS[I] = YI3_QF7_PS[I]
