Q1APF[K1] = -9.06188975179167411E-002
Q1BPF[K1] = -5.24616102023393593E-002
Q2PF[K1] =  3.76170098802281333E-002
Q3PF[K1] =  1.05312468663192101E-002
YI6_QD2_I[I] =  3.07710612768974897E+003
BO3_QF8_I[I] = +5.75360116539120463e+03
YO5_QF4_I[I] = +5.94539860948025944e+03
BI5_QD8_I[I] =  4.38539516588391052E+003
YO5_QD7_I[I] = +4.38128263445703124e+03
YO5_QF8_I[I] = -2.87725872221791224e+03
YO5_QD9_I[I] = +1.48555865680638789e+02
H5_Q11_I[I] = +1.43673256429299681e+03
yo5_tq4_i[i] = +150
Q1APR[K1] = -8.64512899226405895E-002
Q1BPR[K1] = -7.87605005181164636E-002
Q2PR[K1] =  2.86045763346354232E-002
Q3PR[K1] =  5.83464531590069044E-003
Q4PR[K1] = +2.65873560401598784e-02
Q5PR[K1] = -7.95291094518826291e-02
YI6_QD4_I[I] =  6.00000000000000000E+003
YI6_QF5_I[I] = -5.98577976350052904e+03
YI6_QD6_I[I] = +5.79752881172095840e+03
YI6_QF7_I[I] = -3.86889220337354118e+03
YI6_QD8_I[I] = -1.66654047145126106e+03
YI6_QF9_I[I] =  6.00000000000000000E+003
yi6_tq4_i[i] = +150
yi6_tq5_i[i] = -75
yi6_tq6_i[i] = +75
B0APF[DB_FIELD] =  3.29940968922231370E+000
B1PF[DB_FIELD] =  3.40007837631316034E+000
