Q1APF[K1] = -9.0731715120431031E-02
Q1BPF[K1] = -5.2526923213744039E-02
Q2PF[K1] =  3.76447409902571709E-002
Q3PF[K1] =  1.05053065166507698E-002
YI6_QD2_I[I] = +3.14161223828187303e+03
BO3_QF8_I[I] =  6.00000000000000000E+003
YO5_QF4_I[I] = +5.63121806120461406e+03
BI5_QD8_I[I] = +4.56665833597723122e+03
YO5_QD7_I[I] = +4.23080178430873366e+03
YO5_QF8_I[I] = -2.46675464312888153e+03
YO5_QD9_I[I] = -1.30644915736436701E+003
H5_Q11_I[I] = +6.20656723356096336e+02
yo5_tq4_i[i] = +150
Q1APR[K1] = -8.30186399759020033E-002
Q1BPR[K1] = -8.30186399759020033E-002
Q2PR[K1] =  2.87699416519389163E-002
Q3PR[K1] =  5.85432647905163254E-003
Q4PR[K1] = +2.64808618055791985e-02
Q5PR[K1] = -7.22665835427171582E-002
YI6_QD4_I[I] = +5.60946124678422075e+03
YI6_QF5_I[I] = -5.40882060517308764e+03
YI6_QD6_I[I] = +5.26734053108792523e+03
YI6_QF7_I[I] = -4.40133818392471676e+03
YI6_QD8_I[I] = -2.01568176838409090e+03
YI6_QF9_I[I] =  6.00000000000000000E+003
yi6_tq4_i[i] = +150
yi6_tq5_i[i] = -75
yi6_tq6_i[i] = +75
B0APF[DB_FIELD] =  3.30093693302356028E+000
B1PF[DB_FIELD] =  3.39987565888761800E+000
