QFFUS01[K1] = -7.76443092185067768E-002
QFFUS02[K1] = -0.09120782005
QFFUS03[K1] =  2.84589182461244886E-002
QUS01C[K1] =  7.19264299288272738E-003
QUS02C[K1] =  9.53351874038682878E-002
QUS03[K1] = -89*c_light/p275
QUS04[K1] =  1.05796202696468181E-001
QUS05[K1] = -6.42198563151626656E-002
QUS06[K1] =  6.08662836673396837E-002
QUS07[K1] = -5.53808207778503647E-002
QUS08[K1] =  9.19285495089852966E-002
QUS09[K1] = -89*c_light/p275
qffds01a[k1] = -0.06766538857
qffds01b[k1] = -0.04855262844
qffds02a[k1] = 0.0372361699
qffds02b[k1] = 0.03352328764
BXDS01A[DG] = -4.14491661207239798E-004
BXDS01B[DG] =  1.49263321001968425E-004
QDS01[K1] =  1.00863903055744848E-002
qds02[k1] = 0.09888237063
qds02a[k1] = -0.1457386072
QDS03A[K1] = -9.06097138206028441E-002
QDS03B[K1] =  1.00542081217687346E-001
QDS04A[K1] =  1.07021212424885631E-001
QDS04B[K1] = -1.12657866230221726E-001
QDS05[K1] = -1.56650116365669931E-002
QDS06[K1] =  1.71424931048306251E-001
QDS07[K1] = -2.89775308511188746E-002
QDS08[K1] = -7.16024158730679539E-002
QDS09[K1] =  1.09649164639606000E-001
QDS10[K1] = -2.89151080942626031E-002
