YI3_QD6_PS[I] =  1.16125810126764449E+002*p100/p275
YI3_QF7_PS[I] =  4.23280056357676301E+002*p100/p275
Y4_Q89_PS[I] = -3.56422881264684888e+00*p100/p275
YI3_QF1_PS[I] =  7.40000022045527714E+001*p100/p275
YI3_QD2_PS[I] = +8.09114710510739741e+01*p100/p275
YI3_QF3_PS[I] = -1.72481862184375785e+02*p100/p275
YI3_TQ4_PS[I] =  1.86557637469081001E+001*p100/p275
YI3_TQ5_PS[I] = +3.53522300880491542e+01*p100/p275
YI3_TQ6_PS[I] = -3.97787638419202949e+01*p100/p275
YI3_QF9_PS[I] = -9.87875154317052022e+01*p100/p275
YO4_QD1_PS[I] =  7.40000023400854587E+001*p100/p275
YO4_QF2_PS[I] = +8.10467733639224548e+01*p100/p275
YO4_QD3_PS[I] = -2.03416362858737159e+02*p100/p275
YO4_TQ4_PS[I] = -3.51437155487226534E+001*p100/p275
YO4_TQ5_PS[I] = -2.77821127148037341e+01*p100/p275
YO4_TQ6_PS[I] = +1.70347783068317327e+01*p100/p275
YO4_QF8_PS[I] = -6.50000000000000000E+001*p100/p275
YO4_QF6_PS[I] = YI3_QD6_PS[I]
YO4_QD7_PS[I] = YI3_QF7_PS[I]
