Q1PF[K1] = -7.58048586113390793E-002
Q2PF[K1] =  4.30996372579792106E-002
Q3PF[K1] = -1.59802758727877643E-002
H5_Q04_I[I] = -8.16173938790385932E+002
H5_Q05_I[I] =  1.68111820487977729E+003
H5_Q06_I[I] = -2.56035666911824501E+003
H5_Q07_I[I] =  2.50048634063557483E+003
H5_Q08_I[I] = -2.02549178653298418E+003
H5_Q09_I[I] =  2.03903367409483781E+003
H5_Q10_I[I] = -1.58555138161842683E+003
H5_Q11_I[I] =  2.07803237908590154E+003
B0APF[DB_FIELD] = -1.66873809543784324E+000
OV_B1PF[DB_FIELD] =  1.09211593012891983E+000
h5_tq05_i[i] = 0
h5_tq06_i[i] = 0
h5_tq11_i[i] = 0
Q1APR[K1] = -8.60408535075923298E-002
Q1BPR[K1] = Q1APR[K1]
Q2PR[K1] =  4.61422644881683067E-002
H6_Q3[K1] = -3.71121370292669325E-002
H6_Q04_I[I] = -7.08999618196427605E+002
H6_Q05_I[I] =  2.13685979899839413E+003
H6_Q06_I[I] = -1.50556890511072652E+003
H6_Q07_I[I] =  1.53007698027965398E+003
H6_Q08_I[I] = -1.75841738675262991E+003
H6_Q09_I[I] =  1.78369240613306442E+003
H6_Q10_I[I] = -2.36279416403512823E+003
h6_tq05_i[i] = 0
h6_tq06_i[i] = 0
h6_tq07_i[i] = 0
h6_tq08_i[i] = 0
h6_tq10_i[i] = 0
