Q1PF[K1] = -7.57941851038429343E-002
Q2PF[K1] =  4.30914969801992273E-002
Q3PF[K1] = -1.60099246342167364E-002
H5_Q04_I[I] = -8.15979271052886133E+002
H5_Q05_I[I] =  1.67916063221952800E+003
H5_Q06_I[I] = -2.56237269872869547E+003
H5_Q07_I[I] =  2.48952208176784916E+003
H5_Q08_I[I] = -2.02301016862097845E+003
H5_Q09_I[I] =  2.04135280145728007E+003
H5_Q10_I[I] = -1.60634129260759983E+003
H5_Q11_I[I] =  2.11476828798019733E+003
B0APF[DB_FIELD] = -1.71627523929527070E+000
OV_B1PF[DB_FIELD] =  1.10275793239841047E+000
h5_tq05_i[i] = 0
h5_tq06_i[i] = 0
h5_tq11_i[i] = 0
Q1APR[K1] = -8.60408535075923298E-002
Q1BPR[K1] = Q1APR[K1]
Q2PR[K1] =  4.61422644881683067E-002
H6_Q3[K1] = -3.71121370292669325E-002
H6_Q04_I[I] = -7.08999618196427605E+002
H6_Q05_I[I] =  2.13685979899839413E+003
H6_Q06_I[I] = -1.50556890511072652E+003
H6_Q07_I[I] =  1.53007698027965398E+003
H6_Q08_I[I] = -1.75841738675262991E+003
H6_Q09_I[I] =  1.78369240613306442E+003
H6_Q10_I[I] = -2.36279416403512823E+003
h6_tq05_i[i] = 0
h6_tq06_i[i] = 0
h6_tq07_i[i] = 0
h6_tq08_i[i] = 0
h6_tq10_i[i] = 0
