Q1PF[K1] = -7.90624390361115842E-002
Q2PF[K1] =  4.94651225124610044E-002
Q3PF[K1] = -8.14562607396202357E-003
H5_Q04_I[I] = -8.05688426203179120E+002
H5_Q05_I[I] =  1.63769428955069952E+003
H5_Q06_I[I] = -2.39363749301814823E+003
H5_Q07_I[I] =  2.01398239155223973E+003
H5_Q08_I[I] = -1.81427864387858426E+003
H5_Q09_I[I] =  1.60947921709251409E+003
H5_Q10_I[I] = -1.69064896844603800E+003
H5_Q11_I[I] =  2.27646915166419285E+003
B0APF[DB_FIELD] = -1.73431681591960007E+000
OV_B1PF[DB_FIELD] =  1.07260758184580207E+000
h5_tq05_i[i] = 0
h5_tq06_i[i] = 0
h5_tq11_i[i] = 0
Q1APR[K1] = -8.60408535075923298E-002
Q1BPR[K1] = Q1APR[K1]
Q2PR[K1] =  4.61422644881683067E-002
H6_Q3[K1] = -3.71121370292669325E-002
H6_Q04_I[I] = -7.08999618196427605E+002
H6_Q05_I[I] =  2.13685979899839413E+003
H6_Q06_I[I] = -1.50556890511072652E+003
H6_Q07_I[I] =  1.53007698027965398E+003
H6_Q08_I[I] = -1.75841738675262991E+003
H6_Q09_I[I] =  1.78369240613306442E+003
H6_Q10_I[I] = -2.36279416403512823E+003
h6_tq05_i[i] = 0
h6_tq06_i[i] = 0
h6_tq07_i[i] = 0
h6_tq08_i[i] = 0
h6_tq10_i[i] = 0
