H01O_Q1_I[I] = -5.30839996986246661E+003*p100/p275
H01O_Q2_I[I] =  2.81047864328927017E+003*p100/p275
H01O_Q3_I[I] = -7.14049453669222771E+002*p100/p275
H01O_Q4_I[I] =  6.87365596404563064E+001*p100/p275
H01O_Q5_I[I] = -1.64687446510195377E+003*p100/p275
H01O_Q6_I[I] =  1.51020290308345557E+003*p100/p275
H01O_Q7_I[I] =  1.17650952016113115E+003*p100/p275
H02_Q1_I[I] = -5.32500000000000000E+003*p100/p275
H02_Q2_I[I] =  4.88429952959011007E+003*p100/p275
H02_Q3_I[I] = -4.05857198818825327E+003*p100/p275
H02_Q4_I[I] = -1.16923737831764788E+003*p100/p275
H02_Q5_I[I] =  4.46911629662330324E+003*p100/p275
H02_Q6_I[I] = -2.99955927896432149E+003*p100/p275
H01O_TQ4_I[I] =  0.00000000000000000E+000
H01O_TQ5_I[I] =  0.00000000000000000E+000
H01O_TQ6_I[I] =  0.00000000000000000E+000
H01O_TQ7_I[I] =  0.00000000000000000E+000
H02_TQ4_I[I] =  0.00000000000000000E+000
H02_TQ5_I[I] =  0.00000000000000000E+000
H02_TQ6_I[I] =  0.00000000000000000E+000
