Q1PF[B1_GRADIENT] =  2.51194287590162801E+001
Q2PF[B1_GRADIENT] = -1.94182813504506093E+001
Q3PF[B1_GRADIENT] =  2.21272260635435281E+000
H5_Q04_I[I] = -7.14046926181655181E+002
H5_Q05_I[I] =  1.38668121105816749E+003
H5_Q06_I[I] = -2.23529923148511944E+003
H5_Q07_I[I] =  2.00951332530531158E+003
H5_Q08_I[I] = -1.74895353897417885E+003
H5_Q09_I[I] =  1.47556849128052841E+003
H5_Q10_I[I] = -1.53001771042073915E+003
H5_Q11_I[I] =  1.94990177015188260E+003
Q1PF[BL_HKICK] = -6.13117765987205854E-002
OV_B1PF[DB_FIELD] =  1.15716928254955964E+000
h5_tq05_i[i] = 0
h5_tq06_i[i] = 0
h5_tq11_i[i] = 0
Q1APR[K1] = -8.58559569145482399E-002
Q1BPR[K1] = Q1APR[K1]
Q2PR[K1] =  4.61025007670528911E-002
H6_Q3[K1] = -3.69335220762207900E-002
H6_Q04_I[I] = -7.17008081640318437E+002
H6_Q05_I[I] =  2.39152473909967239E+003
H6_Q06_I[I] = -1.50676434804837709E+003
H6_Q07_I[I] =  1.74954559917494316E+003
H6_Q08_I[I] = -1.82705108861414806E+003
H6_Q09_I[I] =  1.82482782561145018E+003
H6_Q10_I[I] = -2.38351834646297129E+003
h6_tq05_i[i] = 0
h6_tq06_i[i] = 0
h6_tq07_i[i] = 0
h6_tq08_i[i] = 0
h6_tq10_i[i] = 0
