Q1APF[K1] = -9.05238291407211154E-02
Q1BPF[K1] = -5.24065726739251642E-02
Q2PF[K1] =  4.61118630789573020E-002
Q3PF[K1] = -4.20559910695505607E-002
H5_Q04_I[I] = -8.78517044448617980E+002
H5_Q05_I[I] =  1.35319316976339860E+003
H5_Q06_I[I] = -2.68128579099283297E+003
H5_Q07_I[I] =  1.92287340315875326E+003
H5_Q08_I[I] = -1.81054436410859103E+003
H5_Q09_I[I] =  1.50386123400145630E+003
H5_Q10_I[I] = -1.59219357024591204E+003
H5_Q11_I[I] =  2.16877238809474511E+003
B0APF[DB_FIELD] = -1.42383020102594982E+000
OV_B1PF[DB_FIELD] =  1.03998888709206572E+000
h5_tq05_i[i] = 0
h5_tq06_i[i] = 0
h5_tq11_i[i] = 0
Q1APR[K1] = -8.57968817762942704E-02
Q1BPR[K1] = Q1APR[K1]
Q2PR[K1] =  4.55489079701190611E-002
H6_Q3[K1] = -3.12675148090723262E-002
H6_Q04_I[I] = -7.08523263542253972E+002
H6_Q05_I[I] =  2.35549888034371361E+003
H6_Q06_I[I] = -1.53869634115504141E+003
H6_Q07_I[I] =  1.75859445497858974E+003
H6_Q08_I[I] = -1.82181844890710272E+003
H6_Q09_I[I] =  1.81100403503620487E+003
H6_Q10_I[I] = -2.37281373766307479E+003
h6_tq05_i[i] = 0
h6_tq06_i[i] = 0
h6_tq07_i[i] = 0
h6_tq08_i[i] = 0
h6_tq10_i[i] = 0
