Q1PF[B1_GRADIENT] =  2.51896432247846853E+001
Q2PF[B1_GRADIENT] = -1.94209125729013401E+001
Q3PF[B1_GRADIENT] =  1.98918738527438999E+000
H5_Q04_I[I] = -7.08944007211992812E+002
H5_Q05_I[I] =  1.37656986603833275E+003
H5_Q06_I[I] = -2.24614270519022784E+003
H5_Q07_I[I] =  1.99683413391449153E+003
H5_Q08_I[I] = -1.75782348566753967E+003
H5_Q09_I[I] =  1.48631045530567576E+003
H5_Q10_I[I] = -1.52149126737376923E+003
H5_Q11_I[I] =  1.93832648929465222E+003
Q1PF[BL_HKICK] = -5.44890383247506604E-002
OV_B1PF[DB_FIELD] =  1.18339678534512083E+000
h5_tq05_i[i] = 0
h5_tq06_i[i] = 0
h5_tq11_i[i] = 0
Q1APR[K1] = -8.58559569145482399E-002
Q1BPR[K1] = Q1APR[K1]
Q2PR[K1] =  4.61025007670528911E-002
H6_Q3[K1] = -3.69335220762207900E-002
H6_Q04_I[I] = -7.17008081640318437E+002
H6_Q05_I[I] =  2.39152473909967239E+003
H6_Q06_I[I] = -1.50676434804837709E+003
H6_Q07_I[I] =  1.74954559917494316E+003
H6_Q08_I[I] = -1.82705108861414806E+003
H6_Q09_I[I] =  1.82482782561145018E+003
H6_Q10_I[I] = -2.38351834646297129E+003
h6_tq05_i[i] = 0
h6_tq06_i[i] = 0
h6_tq07_i[i] = 0
h6_tq08_i[i] = 0
h6_tq10_i[i] = 0
