Q1APF[K1] = -9.12321021625347034E-02
Q1BPF[K1] = -5.28166101407777089E-02
Q2PF[K1] =  4.53266250428375622E-002
Q3PF[K1] = -1.99323513908966701E-002
H5_Q04_I[I] = -8.25900942306250840E+002
H5_Q05_I[I] =  1.64167213386608591E+003
H5_Q06_I[I] = -2.54962376245466612E+003
H5_Q07_I[I] =  2.07808829868131761E+003
H5_Q08_I[I] = -1.87399632611335710E+003
H5_Q09_I[I] =  1.62617321173375376E+003
H5_Q10_I[I] = -1.64361477172148375E+003
H5_Q11_I[I] =  2.26894389156626903E+003
B0APF[DB_FIELD] = -1.72218544613226254E+000
OV_B1PF[DB_FIELD] =  1.08426380287073121E+000
h5_tq05_i[i] = 0
h5_tq06_i[i] = 0
h5_tq11_i[i] = 0
Q1APR[K1] = -8.57968817762942704E-02
Q1BPR[K1] = Q1APR[K1]
Q2PR[K1] =  4.55489079701190611E-002
H6_Q3[K1] = -3.12675148090723262E-002
H6_Q04_I[I] = -7.08523263542253972E+002
H6_Q05_I[I] =  2.35549888034371361E+003
H6_Q06_I[I] = -1.53869634115504141E+003
H6_Q07_I[I] =  1.75859445497858974E+003
H6_Q08_I[I] = -1.82181844890710272E+003
H6_Q09_I[I] =  1.81100403503620487E+003
H6_Q10_I[I] = -2.37281373766307479E+003
h6_tq05_i[i] = 0
h6_tq06_i[i] = 0
h6_tq07_i[i] = 0
h6_tq08_i[i] = 0
h6_tq10_i[i] = 0
