Q1APF[K1] = -9.05545839469102526E-02
Q1BPF[K1] = -5.24243774221436407E-02
Q2PF[K1] =  4.60503279709951890E-002
Q3PF[K1] = -4.15154744628644101E-002
H5_Q04_I[I] = -8.76146661208625460E+002
H5_Q05_I[I] =  1.37485312550384197E+003
H5_Q06_I[I] = -2.72860695123917367E+003
H5_Q07_I[I] =  1.96455807994231418E+003
H5_Q08_I[I] = -1.83791538588799926E+003
H5_Q09_I[I] =  1.53393779825547449E+003
H5_Q10_I[I] = -1.60493068660981999E+003
H5_Q11_I[I] =  2.21735001026554937E+003
B0APF[DB_FIELD] = -1.73414477990890581E+000
OV_B1PF[DB_FIELD] =  1.08192749840537994E+000
h5_tq05_i[i] = 0
h5_tq06_i[i] = 0
h5_tq11_i[i] = 0
Q1APR[K1] = -8.57968817762942704E-02
Q1BPR[K1] = Q1APR[K1]
Q2PR[K1] =  4.55489079701190611E-002
H6_Q3[K1] = -3.12675148090723262E-002
H6_Q04_I[I] = -7.08523263542253972E+002
H6_Q05_I[I] =  2.35549888034371361E+003
H6_Q06_I[I] = -1.53869634115504141E+003
H6_Q07_I[I] =  1.75859445497858974E+003
H6_Q08_I[I] = -1.82181844890710272E+003
H6_Q09_I[I] =  1.81100403503620487E+003
H6_Q10_I[I] = -2.37281373766307479E+003
h6_tq05_i[i] = 0
h6_tq06_i[i] = 0
h6_tq07_i[i] = 0
h6_tq08_i[i] = 0
h6_tq10_i[i] = 0
