Q1PF[B1_GRADIENT] =  2.71732767322922513E+001
Q2PF[B1_GRADIENT] = -2.00702764162619722E+001
Q3PF[B1_GRADIENT] = -2.57987941988297065E+000
H5_Q04_I[I] = -6.95711853020064495E+002
H5_Q05_I[I] =  1.65644501722992004E+003
H5_Q06_I[I] = -2.10205028362214125E+003
H5_Q07_I[I] =  2.17472490325053195E+003
H5_Q08_I[I] = -1.70644003424895254E+003
H5_Q09_I[I] =  1.50222857058385716E+003
H5_Q10_I[I] = -1.74368373522153433E+003
H5_Q11_I[I] =  2.31937777052405818E+003
B0APF[DB_FIELD] =  8.32650840994315189E-001
OV_B1PF[DB_FIELD] =  1.12636243335893949E+000
h5_tq05_i[i] = 0
h5_tq06_i[i] = 0
h5_tq11_i[i] = 0
Q1APR[K1] = -8.57968817762942704E-02
Q1BPR[K1] = Q1APR[K1]
Q2PR[K1] =  4.55489079701190611E-002
H6_Q3[K1] = -3.12675148090723262E-002
H6_Q04_I[I] = -7.08523263542253972E+002
H6_Q05_I[I] =  2.35549888034371361E+003
H6_Q06_I[I] = -1.53869634115504141E+003
H6_Q07_I[I] =  1.75859445497858974E+003
H6_Q08_I[I] = -1.82181844890710272E+003
H6_Q09_I[I] =  1.81100403503620487E+003
H6_Q10_I[I] = -2.37281373766307479E+003
h6_tq05_i[i] = 0
h6_tq06_i[i] = 0
h6_tq07_i[i] = 0
h6_tq08_i[i] = 0
h6_tq10_i[i] = 0
