Q1PF[B1_GRADIENT] =  2.70647371081255415E+001
Q2PF[B1_GRADIENT] = -2.05918352771149529E+001
Q3PF[B1_GRADIENT] = -2.64302678056946760E+000
H5_Q04_I[I] = -6.67415648784356677E+002
H5_Q05_I[I] =  1.43784599795244276E+003
H5_Q06_I[I] = -2.14830948745199976E+003
H5_Q07_I[I] =  2.53441386685273937E+003
H5_Q08_I[I] = -1.90531189178109776E+003
H5_Q09_I[I] =  2.03700204405309410E+003
H5_Q10_I[I] = -1.70313817161324619E+003
H5_Q11_I[I] =  2.11488436110220300E+003
B0APF[DB_FIELD] =  9.29231914228004663E-001
OV_B1PF[DB_FIELD] =  1.12304042013772287E+000
h5_tq05_i[i] = 0
h5_tq06_i[i] = 0
h5_tq11_i[i] = 0
Q1APR[K1] = -8.57968817762942704E-02
Q1BPR[K1] = Q1APR[K1]
Q2PR[K1] =  4.55489079701190611E-002
H6_Q3[K1] = -3.12675148090723262E-002
H6_Q04_I[I] = -7.08523263542253972E+002
H6_Q05_I[I] =  2.35549888034371361E+003
H6_Q06_I[I] = -1.53869634115504141E+003
H6_Q07_I[I] =  1.75859445497858974E+003
H6_Q08_I[I] = -1.82181844890710272E+003
H6_Q09_I[I] =  1.81100403503620487E+003
H6_Q10_I[I] = -2.37281373766307479E+003
h6_tq05_i[i] = 0
h6_tq06_i[i] = 0
h6_tq07_i[i] = 0
h6_tq08_i[i] = 0
h6_tq10_i[i] = 0
Q1PF[B1_GRADIENT] =  2.70665739880000622E+001
Q2PF[B1_GRADIENT] = -2.05926637027181947E+001
Q3PF[B1_GRADIENT] = -2.64108782753255422E+000
H5_Q04_I[I] = -6.66826995365812081E+002
H5_Q05_I[I] =  1.43916435072610784E+003
H5_Q06_I[I] = -2.15237493663159285E+003
H5_Q07_I[I] =  2.53962455491809123E+003
H5_Q08_I[I] = -1.91006286645723162E+003
H5_Q09_I[I] =  2.04869295311018959E+003
H5_Q10_I[I] = -1.70711472894134499E+003
H5_Q11_I[I] =  2.12235143701620382E+003
B0APF[DB_FIELD] =  8.80915063597811576E-001
OV_B1PF[DB_FIELD] =  1.11303144852699765E+000
