Q1APF[K1] = -9.05650145649289223E-02
Q1BPF[K1] = -5.24304159751568938E-02
Q2PF[K1] =  4.60367574864468804E-002
Q3PF[K1] = -4.13857300233083439E-002
H5_Q04_I[I] = -8.76270171187723349E+002
H5_Q05_I[I] =  1.38033193221276679E+003
H5_Q06_I[I] = -2.72938985568344151E+003
H5_Q07_I[I] =  1.97239375645851328E+003
H5_Q08_I[I] = -1.84067555185994343E+003
H5_Q09_I[I] =  1.53811146826713662E+003
H5_Q10_I[I] = -1.60597963340153569E+003
H5_Q11_I[I] =  2.22019561968428752E+003
B0APF[DB_FIELD] = -1.72125933696133071E+000
OV_B1PF[DB_FIELD] =  1.10435410985944849E+000
h5_tq05_i[i] = 0
h5_tq06_i[i] = 0
h5_tq11_i[i] = 0
Q1APR[K1] = -8.57968817762942704E-02
Q1BPR[K1] = Q1APR[K1]
Q2PR[K1] =  4.55489079701190611E-002
H6_Q3[K1] = -3.12675148090723262E-002
H6_Q04_I[I] = -7.08523263542253972E+002
H6_Q05_I[I] =  2.35549888034371361E+003
H6_Q06_I[I] = -1.53869634115504141E+003
H6_Q07_I[I] =  1.75859445497858974E+003
H6_Q08_I[I] = -1.82181844890710272E+003
H6_Q09_I[I] =  1.81100403503620487E+003
H6_Q10_I[I] = -2.37281373766307479E+003
h6_tq05_i[i] = 0
h6_tq06_i[i] = 0
h6_tq07_i[i] = 0
h6_tq08_i[i] = 0
h6_tq10_i[i] = 0
