YI3_QD6_PS[I] = -1.81212170322687916e-03
YI3_QF7_PS[I] = +3.88225367722009253e+02
Y4_Q89_PS[I] = -2.28839169475457396e+02
YI3_QF1_PS[I] = +1.16946105737482114e+02
YI3_QD2_PS[I] = +6.74325196710595947e+01
YI3_QF3_PS[I] = -6.43829098637828707e+01
YI3_TQ4_PS[I] = +4.72653439857961573e+01
YI3_TQ5_PS[I] = +3.24270278631185178e+01
YI3_TQ6_PS[I] = -1.41065937457222574e+01
YI3_QF9_PS[I] = -1.52754823153332886e+01
YO4_QD1_PS[I] = +2.59017480475536281e+01
YO4_QF2_PS[I] = +2.42790819869134502e+01
YO4_QD3_PS[I] = -7.02619180183793759e+01
YO4_TQ4_PS[I] = -8.49410229083644879e+01
YO4_TQ5_PS[I] = -1.47240319379681903e+01
YO4_TQ6_PS[I] = +1.90726732840787139e+00
YO4_QF8_PS[I] = -7.14296666830117299e+00
YO4_QF6_PS[I] = YI3_QD6_PS[I]
YO4_QD7_PS[I] = YI3_QF7_PS[I]
