Q1APF[K1] = -9.05324881114839691E-02
Q1BPF[K1] = -5.24115855747809070E-02
Q2PF[K1] =  3.76398351756097177E-002
Q3PF[K1] =  1.29750960322164641E-002
H5_Q04_I[I] = -2.66753680066939569E+003
H5_Q05_I[I] =  5.12977024687615267E+003
H5_Q06_I[I] = -5.32500000000000000E+003
H5_Q07_I[I] =  3.57161346423591340E+003
H5_Q08_I[I] = -3.92521352258198431E+003
H5_Q09_I[I] =  3.74236294519223748E+003
H5_Q10_I[I] = -1.44910653110358749E+003
H5_Q11_I[I] =  1.74939064959717848E+003
B0APF[DB_FIELD] =  1.73408336238890581E+000
OV_B1PF[DB_FIELD] =  2.94224619965987255E+000
h5_tq05_i[i] = 30
h5_tq06_i[i] = -110
h5_tq11_i[i] = 0
Q1APR[K1] = -8.08503681886889869E-002
Q1BPR[K1] = Q1APR[K1]
Q2PR[K1] =  3.55955158083010315E-002
H6_Q3[K1] =  1.29837118015512822E-002
H6_Q04_I[I] = -1.69785483404652814E+003
H6_Q05_I[I] =  4.25406187294684696E+003
H6_Q06_I[I] = -5.32500000000000000E+003
H6_Q07_I[I] =  4.47929547879604434E+003
H6_Q08_I[I] = -5.18924493741308652E+003
H6_Q09_I[I] =  4.16303544480939763E+003
H6_Q10_I[I] = -4.81961734510264068E+003
h6_tq05_i[i] = 0
h6_tq06_i[i] = -100
h6_tq07_i[i] = 0
h6_tq08_i[i] = -100
h6_tq10_i[i] = -75
