YO9_QD1_PS[I] =  4.29441010169854209E+001
YO9_QF2_PS[I] =  1.17024689104043048E+002
YO9_QD3_PS[I] = -2.38059924531855359E+002
YO9_TQ4_PS[I] = -1.98909477076580963E+001
YO9_TQ5_PS[I] = -3.81207005571735138E+001
YO9_TQ6_PS[I] =  5.05265684201446916E+001
YO9_QF6_PS[I] =  1.78075300237573870E+001
YO9_QD7_PS[I] =  5.46238013884099701E+002
YO9_QF8_PS[I] = -1.42016284381850227E+002
YO9_QD9_PS[I] =  2.32784899151330421E+002
YI10_QF1_PS[I] =  1.78054594537261295E+001
YI10_QD2_PS[I] =  5.66809311265521103E+001
YI10_QF3_PS[I] = -2.49380865576564020E+002
YI10_TQ4_PS[I] =  9.61828666408608797E+001
YI10_TQ5_PS[I] =  2.69593283330899958E+000
YI10_TQ6_PS[I] = -1.77201954802951711E+001
YI10_QD6_PS[I] =  1.78075300237573870E+001
YI10_QF7_PS[I] =  5.46238013884099701E+002
YI10_QF9_PS[I] = -1.33273021108122492E+002
YI10_Q89_PS[I] =  2.32784899151330421E+002
