YO9_QD1_PS = 7.90018904820670684E+001;
YO9_QF2_PS = +7.83111152867416109e+01;
YO9_QD3_PS = -1.13119759325802164E+002;
YO9_TQ4_PS = -5.79570199079508441e+01;
YO9_TQ5_PS = -1.76824601939080068e+01;
YO9_TQ6_PS = -8.15572559758333315e-01;
YO9_QF6_PS = +2.41257678149439101e+02;
YO9_QD7_PS = +3.94535867560075644e+02;
YO9_QF8_PS = -7.00000000000194120E+001;
YO9_QD9_PS = -1.60181985260493356E+001;
YI10_QF1_PS = 8.51507129160088283E+001;
YI10_QD2_PS = +8.50537661629828392e+01;
YI10_QF3_PS = -8.29725843078056187E+001;
YI10_TQ4_PS = 2.89213438343784119E+001;
YI10_TQ5_PS = +2.99788641580676796e+01;
YI10_TQ6_PS = -2.22183440396486809e+01;
YI10_QD6_PS = +2.41257678149439101e+02;
YI10_QF7_PS = +3.94535867560075644e+02;
YI10_QF9_PS = -4.07259293655584429e+01;
YI10_Q89_PS = -1.60181985260493356E+001;
