YO9_QD1_PS = +9.52002321789915413e+01;
YO9_QF2_PS = +5.87997678210084587e+01;
YO9_QD3_PS = -2.05056243452588092e+02;
YO9_TQ4_PS = -1.81384852430135908e+01;
YO9_TQ5_PS = -3.58866496821446503e+01;
YO9_TQ6_PS = +1.12714687779279910e+01;
YO9_QF6_PS = +9.52002321789915413e+01;
YO9_QD7_PS = +4.68799767821008459e+02;
YO9_QF8_PS = -6.87997678210084587e+01;
YO9_QD9_PS = -1.96799767821008459e+02;
YI10_QF1_PS = +4.83459394069717732e+01;
YI10_QD2_PS = +5.87997678210084587e+01;
YI10_QF3_PS = -9.52002321789915413e+01;
YI10_TQ4_PS = +1.87997678210084658e+01;
YI10_TQ5_PS = +2.94114758586709826e+01;
YI10_TQ6_PS = -2.43326620975427659e+01;
YI10_QD6_PS = +3.00335516400957431e+02;
YI10_QF7_PS = +1.40945624400277666e+02;
YI10_QF9_PS = -6.87997678210084587e+01;
YI10_Q89_PS = -1.96799767821008459e+02;
