YO9_QD1_PS[I] =  8.69289463810501957E+001
YO9_QF2_PS[I] = +6.95868998827377965e+01
YO9_QD3_PS[I] = -1.12986658763645707E+002
YO9_TQ4_PS[I] = -2.87391601126473475E+001
YO9_TQ5_PS[I] = -2.82358298831916699e+01
YO9_TQ6_PS[I] = +7.63769305025475642e+00
YO9_QF6_PS[I] = +2.26278087741419682e+02
YO9_QD7_PS[I] = +2.20592623717335783e+02
YO9_QF8_PS[I] = -7.58098439975975680E+001
YO9_QD9_PS[I] = -1.68847566128816965e+02
YI10_QF1_PS[I] =  9.04469848326262706E+001
YI10_QD2_PS[I] = +6.72720553939930568e+01
YI10_QF3_PS[I] = -8.93722722710647730E+001
YI10_TQ4_PS[I] =  2.62192588686015604E+001
YI10_TQ5_PS[I] = +2.79729666473714573e+01
YI10_TQ6_PS[I] = -2.00296228138419146e+01
YI10_QD6_PS[I] = +2.26278087741419682e+02
YI10_QF7_PS[I] = +2.20592623717335783e+02
YI10_QF9_PS[I] = -7.92264691423192176e+01
YI10_Q89_PS[I] = -1.68847566128816965e+02
