YO9_QD1_PS[I] =  1.40000000000000000E+001
YO9_QF2_PS[I] =  9.09179048364612186E+001
YO9_QD3_PS[I] = -2.80000000000000000E+002
YO9_TQ4_PS[I] = -7.00509658109058790E+001
YO9_TQ5_PS[I] = -8.00327991057120585E+001
YO9_TQ6_PS[I] =  6.85294154787851255E+001
YO9_QF6_PS[I] =  7.44828459242102241E+001
YO9_QD7_PS[I] =  5.22998720473532217E+002
YO9_QF8_PS[I] = -1.50000000000000000E+002
YO9_QD9_PS[I] = -2.78000000000000000E+002
YI10_QF1_PS[I] =  5.79050603036500959E+001
YI10_QD2_PS[I] =  1.97637737222443945E+001
YI10_QF3_PS[I] = -2.80000000000000000E+002
YI10_TQ4_PS[I] =  1.00000000000000000E+002
YI10_TQ5_PS[I] =  6.30420750182230023E+001
YI10_TQ6_PS[I] = -5.18217769478567831E+001
YI10_QD6_PS[I] =  1.29316382926369641E+002
YI10_QF7_PS[I] =  3.13775891593878612E+002
YI10_QF9_PS[I] = -1.01301350053635446E+002
YI10_Q89_PS[I] = -2.78000000000000000E+002
