YO9_QD1_PS[I] =  5.74181823047702480E+001
YO9_QF2_PS[I] =  9.65818176952297449E+001
YO9_QD3_PS[I] = -1.56096485264631809E+002
YO9_TQ4_PS[I] =  1.95071269607197539E+000
YO9_TQ5_PS[I] = -4.72043900449731453E+001
YO9_TQ6_PS[I] =  5.30212984812687438E+001
YO9_QF6_PS[I] =  5.74181823047702480E+001
YO9_QD7_PS[I] =  5.06581817695229745E+002
YO9_QF8_PS[I] = -1.06581817695229745E+002
YO9_QD9_PS[I] = -2.34581817695229745E+002
YI10_QF1_PS[I] =  1.26073951527403253E+002
YI10_QD2_PS[I] =  9.65818176952297449E+001
YI10_QF3_PS[I] = -5.74181823047702480E+001
YI10_TQ4_PS[I] =  5.65818176952297520E+001
YI10_TQ5_PS[I] =  1.79962993980882260E+001
YI10_TQ6_PS[I] = -8.89519861059918959E+000
YI10_QD6_PS[I] =  2.08000779769690922E+002
YI10_QF7_PS[I] =  1.64751251423025138E+002
YI10_QF9_PS[I] = -1.06581817695229745E+002
YI10_Q89_PS[I] = -2.34581817695229745E+002
