Y12_Q6_PS[I] = +6.06333910678354258e+01
Y12_Q7_PS[I] = +5.03366608932164581e+02
Y12_Q89_PS[I] = +9.75883777834009010e+01
YI11_QF1_PS[I] = +6.06333910678354258e+01
YI11_QD2_PS[I] = +7.86267508170520415e+01
YI11_QF3_PS[I] = -2.49061964234497935e+02
YI11_TQ4_PS[I] = +5.33666089321645742e+01
YI11_TQ5_PS[I] = +2.09784752349138586e+01
YI11_TQ6_PS[I] = -2.72311088808355990e+01
YI11_QF9_PS[I] = -5.16333910678354258e+01
YO12_QD1_PS[I] = +6.06333910678354258e+01
YO12_QF2_PS[I] = +9.33666089321645671e+01
YO12_QD3_PS[I] = -2.47212091539623742e+02
YO12_TQ4_PS[I] = -3.12904381859610083e+01
YO12_TQ5_PS[I] = -3.01734947012528316e+01
YO12_TQ6_PS[I] = +2.92822336461817088e+01
YO12_QF8_PS[I] = -1.03366608932164567e+02
