Y12_Q6_PS[I] =  6.52369550087237684E+001
Y12_Q7_PS[I] =  4.98763044991276217E+002
Y12_Q89_PS[I] = -6.49667487487083406E+001
YI11_QF1_PS[I] =  6.52369550087237684E+001
YI11_QD2_PS[I] =  7.70929906283005977E+001
YI11_QF3_PS[I] = -2.19995545780175291E+002
YI11_TQ4_PS[I] =  4.87630449912762245E+001
YI11_TQ5_PS[I] =  2.28640924338466114E+001
YI11_TQ6_PS[I] = -2.15642483543321255E+001
YI11_QF9_PS[I] = -5.62369550087237755E+001
YO12_QD1_PS[I] =  6.52369550087237684E+001
YO12_QF2_PS[I] =  8.87630449912762316E+001
YO12_QD3_PS[I] = -2.06186329348003170E+002
YO12_TQ4_PS[I] = -2.50366462473944615E+001
YO12_TQ5_PS[I] = -3.30879136597794812E+001
YO12_TQ6_PS[I] =  3.36212530231463020E+001
YO12_QF8_PS[I] = -9.87630449912762316E+001
