Y12_Q6_PS = 1.78075300237573870E+001;
Y12_Q7_PS = 5.46238013884099701E+002;
Y12_Q89_PS = +2.32784899151330421e+02;
YI11_QF1_PS = 1.78054594537261295E+001;
YI11_QD2_PS = +5.66809311265521103e+01;
YI11_QF3_PS = -2.49380865576564020e+02;
YI11_TQ4_PS = 9.61828666408608797E+001;
YI11_TQ5_PS = +2.69593283330899958e+00;
YI11_TQ6_PS = -1.77201954802951711e+01;
YI11_QF9_PS = -1.33273021108122492e+02;
YO12_QD1_PS = 4.29441010169854209E+001;
YO12_QF2_PS = +1.17024689104043048e+02;
YO12_QD3_PS = -2.38059924531855359e+02;
YO12_TQ4_PS = -1.98909477076580963e+01;
YO12_TQ5_PS = -3.81207005571735138e+01;
YO12_TQ6_PS = +5.05265684201446916e+01;
YO12_QF8_PS = -1.42016284381850227E+002;
