Y2_Q6_PS = 1.78075300237573870E+001;
Y2_Q7_PS = 5.46238013884099701E+002;
Y2_Q89_PS = +2.47755161205191826e+02;
YO1_QD1_PS = 4.29441010169854209E+001;
YO1_QF2_PS = +1.17024689104043048e+02;
YO1_QD3_PS = -2.90849379075967462e+01;
YO1_TQ4_PS = 3.27738031831817533E+000;
YO1_TQ5_PS = -5.27843920448510033e+01;
YO1_TQ6_PS = +5.22899462160622761e+01;
YO1_QF8_PS = -1.42016284381850227E+002;
YI2_QF1_PS = 1.78054594537261295E+001;
YI2_QD2_PS = +8.86771821980359647e+01;
YI2_QF3_PS = -7.22517781521573710e+01;
YI2_TQ4_PS = 9.61828666408608797E+001;
YI2_TQ5_PS = +6.70288251750261121e+00;
YI2_TQ6_PS = -9.45514964683555448e+00;
YI2_QF9_PS = +2.39713561219463074e+01;
