Y2_Q6_PS[I] = +6.19551998622863849e+01
Y2_Q7_PS[I] = +5.02044800137713594e+02
Y2_Q89_PS[I] = +5.73094799252517930e+01
YI2_QF1_PS[I] = +6.19551998622863849e+01
YI2_QD2_PS[I] = +7.83443381470511042e+01
YI2_QF3_PS[I] = -2.43203063072287620e+02
YI2_TQ4_PS[I] = +5.20448001377136151e+01
YI2_TQ5_PS[I] = +2.14934154108448254e+01
YI2_TQ6_PS[I] = -2.59274773982001285e+01
YI2_QF9_PS[I] = -5.29551998622863849e+01
YO1_QD1_PS[I] = +6.19551998622863849e+01
YO1_QF2_PS[I] = +9.20448001377136222e+01
YO1_QD3_PS[I] = -2.38793488990554664e+02
YO1_TQ4_PS[I] = -3.00942213089877626e+01
YO1_TQ5_PS[I] = -3.07122338305886089e+01
YO1_TQ6_PS[I] = +3.00926812075011583e+01
YO1_QF8_PS[I] = -1.02044800137713622e+02
