YI3_QD6_PS = 1.16125810126764449E+002;
YI3_QF7_PS = 4.23280056357676301E+002;
Y4_Q89_PS = -3.56422881264684888e+00;
YI3_QF1_PS = 7.40000022045527714E+001;
YI3_QD2_PS = +8.09114710510739741e+01;
YI3_QF3_PS = -1.72481862184375785e+02;
YI3_TQ4_PS = 1.86557637469081001E+001;
YI3_TQ5_PS = +3.53522300880491542e+01;
YI3_TQ6_PS = -3.97787638419202949e+01;
YI3_QF9_PS = -9.87875154317052022e+01;
YO4_QD1_PS = 7.40000023400854587E+001;
YO4_QF2_PS = +8.10467733639224548e+01;
YO4_QD3_PS = -2.03416362858737159e+02;
YO4_TQ4_PS = -3.51437155487226534E+001;
YO4_TQ5_PS = -2.77821127148037341e+01;
YO4_TQ6_PS = +1.70347783068317327e+01;
YO4_QF8_PS = -6.50000000000000000E+001;
YO4_QF6_PS := YI3_QD6_PS;
YO4_QD7_PS := YI3_QF7_PS;
