YI3_QD6_PS = -1.81212290440432920e-03;
YI3_QF7_PS = +3.93507082279269582e+02;
Y4_Q89_PS = -1.99886035633231643e+02;
YI3_QF1_PS = +1.24558858880523985e+02;
YI3_QD2_PS = +6.90349972944149926e+01;
YI3_QF3_PS = -6.32374140379117406e+01;
YI3_TQ4_PS = +3.90234440498421264e+01;
YI3_TQ5_PS = +3.18377922124805934e+01;
YI3_TQ6_PS = -1.37569999703881756e+01;
YI3_QF9_PS = -1.18688648465992728e+01;
YO4_QD1_PS = +3.09650586032754376e+01;
YO4_QF2_PS = +2.66581420647956371e+01;
YO4_QD3_PS = -7.37218155221849401e+01;
YO4_TQ4_PS = -8.47417272195724252e+01;
YO4_TQ5_PS = -1.06931574106729244e+01;
YO4_TQ6_PS = -1.82230359340479864e+00;
YO4_QF8_PS = +1.31380520425727614e+01;
YO4_QF6_PS := YI3_QD6_PS;
YO4_QD7_PS := YI3_QF7_PS;
