YI3_QD6_PS = 8.29850496600867302E+001;
YI3_QF7_PS = 5.05416269967897335E+002;
Y4_Q89_PS = 1.33314508676257788E+002;
YI3_QF1_PS = 5.82600273289312227E+001;
YI3_QD2_PS = +8.94853458994545292e+01;
YI3_QF3_PS = -4.62711789903448434e+01;
YI3_TQ4_PS = +2.49108095422189990e+01;
YI3_TQ5_PS = +3.68788771174306760e+01;
YI3_TQ6_PS = -3.63025420769284111e+01;
YI3_QF9_PS = -3.34683031932256583e+01;
YO4_QD1_PS = 5.90517965382857852E+001;
YO4_QF2_PS = +9.21025584604387006e+01;
YO4_QD3_PS = -4.98828665059612462e+01;
YO4_TQ4_PS = -1.58024673005534897E+001;
YO4_TQ5_PS = -4.05256968421826542e+01;
YO4_TQ6_PS = +2.73438748869926158e+01;
YO4_QF8_PS = -1.07828852577184023E+002;
YO4_QF6_PS := YI3_QD6_PS;
YO4_QD7_PS := YI3_QF7_PS;
