YI3_QD6_PS[I] =  8.27161933348307059E+001
YI3_QF7_PS[I] =  3.68749082701234329E+002
Y4_Q89_PS[I] = -2.11283806665169294E+002
YI3_QF1_PS[I] =  8.27161933348307059E+001
YI3_QD2_PS[I] =  6.81128518888993142E+001
YI3_QF3_PS[I] = -9.13095446437938421E+001
YI3_TQ4_PS[I] =  2.90926981871717949E+001
YI3_TQ5_PS[I] =  3.12838066651692905E+001
YI3_TQ6_PS[I] = -2.04985264246349139E+001
YI3_QF9_PS[I] = -7.59606584517166397E+001
YO4_QD1_PS[I] =  8.27161933348307059E+001
YO4_QF2_PS[I] =  7.12838066651692941E+001
YO4_QD3_PS[I] = -9.65855798132836014E+001
YO4_TQ4_PS[I] = -3.12838066651692834E+001
YO4_TQ5_PS[I] = -3.00179338645454905E+001
YO4_TQ6_PS[I] =  1.79768254076158200E+001
YO4_QF8_PS[I] = -7.37161933348307059E+001
YO4_QF6_PS[I] = YI3_QD6_PS[I]
YO4_QD7_PS[I] = YI3_QF7_PS[I]
