YI3_QD6_PS[I] =  1.35000000000000000E+002
YI3_QF7_PS[I] =  3.88392843287645007E+002
Y4_Q89_PS[I] = -2.62448643193086752E+002
YI3_QF1_PS[I] =  6.00000000000000000E+001
YI3_QD2_PS[I] =  5.19686924897540408E+001
YI3_QF3_PS[I] = -2.80000000000000000E+002
YI3_TQ4_PS[I] =  1.00000000000000000E+002
YI3_TQ5_PS[I] =  3.84523024381141525E+001
YI3_TQ6_PS[I] = -2.71304361780869598E+001
YI3_QF9_PS[I] = -6.00000000000000000E+001
YO4_QD1_PS[I] =  6.00000000000000000E+001
YO4_QF2_PS[I] =  1.40000000000000000E+002
YO4_QD3_PS[I] = -2.14614706077571668E+002
YO4_TQ4_PS[I] = -4.56295670831136277E+001
YO4_TQ5_PS[I] = -6.13333656855941527E+001
YO4_TQ6_PS[I] =  6.46610066147985947E+001
YO4_QF8_PS[I] = -6.00000000000000000E+001
YO4_QF6_PS[I] = YI3_QD6_PS[I]
YO4_QD7_PS[I] = YI3_QF7_PS[I]
