Q1APF, K1 = -9.05268446011468914E-02;
Q1BPF, K1 = -5.24083184015136719E-02;
Q2PF, K1 = 3.76384539292940121E-002;
Q3PF, K1 = 1.29766911401075890E-002;
H5_Q04_I = -2.66912743588566127e+03;
H5_Q05_I = 5.13698181318250954E+003;
H5_Q06_I = -5.32500000000000000E+003;
H5_Q07_I = +3.55835893249518904e+03;
H5_Q08_I = -3.89827856418298552e+03;
H5_Q09_I = +3.74835928685807266e+03;
H5_Q10_I = -1.58759536270219360e+03;
H5_Q11_I = +1.82688068262645106e+03;
B0APF, K0 := -(1.73415457255258776E+000)/beam->brho;
K0_B1PF := -(2.94225831884869082E+000)/beam->brho;
h5_tq05_i = 30;
h5_tq06_i = -110;
h5_tq11_i = 0;
Q1APR, K1 = -8.24524170850354787E-002;
Q1BPR, K1 := Q1APR->K1;
Q2PR, K1 = 3.59832082621673946E-002;
H6_Q3, K1 = 1.25564752372058722E-002;
H6_Q04_I = -1.84572417316648921e+03;
H6_Q05_I = +4.86919137969717667e+03;
H6_Q06_I = -4.32363797963384150e+03;
H6_Q07_I = +4.81792422862312833e+03;
H6_Q08_I = -3.36041921307857183e+03;
H6_Q09_I = +4.53023116434478652e+03;
H6_Q10_I = -4.74145147134305444e+03;
h6_tq05_i = 110;
h6_tq06_i = -100;
h6_tq07_i = 30;
h6_tq08_i = -100;
h6_tq10_i = -110;
kb0pf := -8.12223828336297515E+00/beam->brho;
