Q1APF, K1 = -9.05268446011468914E-02;
Q1BPF, K1 = -5.24083184015136719E-02;
Q2PF, K1 = 3.76384539292940121E-002;
Q3PF, K1 = 1.29766911401075890E-002;
H5_Q04_I = -2.66530303588279048e+03;
H5_Q05_I = 5.13698181318250954E+003;
H5_Q06_I = -5.32500000000000000E+003;
H5_Q07_I = +4.01357601555393785e+03;
H5_Q08_I = -4.13671716364339500e+03;
H5_Q09_I = +3.25512503122717089e+03;
H5_Q10_I = +4.09876710980984342e+02;
H5_Q11_I = +6.12464060523185253e+02;
B0APF, K0 := -(1.73415457255258776E+000)/beam->brho;
K0_B1PF := -(2.94225831884869082E+000)/beam->brho;
h5_tq05_i = 30;
h5_tq06_i = -110;
h5_tq11_i = 0;
Q1APR, K1 = -8.24524170850354787E-002;
Q1BPR, K1 := Q1APR->K1;
Q2PR, K1 = 3.59832082621673946E-002;
H6_Q3, K1 = 1.25564752372058722E-002;
H6_Q04_I = -1.80543427865141416e+03;
H6_Q05_I = +4.82686411051039249e+03;
H6_Q06_I = -4.84396034825164224e+03;
H6_Q07_I = +4.89570925557442115e+03;
H6_Q08_I = -4.03225402678750197e+03;
H6_Q09_I = +4.62535840918498707e+03;
H6_Q10_I = -4.43828780749287307e+03;
h6_tq05_i = 110;
h6_tq06_i = -100;
h6_tq07_i = 30;
h6_tq08_i = -100;
h6_tq10_i = -110;
kb0pf := -8.12223828336297515E+00/beam->brho;
