Q1APF[K1] = -9.08959470528146046E-02
Q1BPF[K1] = -5.26220013029227440E-02
Q2PF[K1] =  3.76850746273477283E-002
Q3PF[K1] =  1.04675342679499024E-002
YI6_QD2_I[I] = +2.68861313423825231e+03
BO3_QF8_I[I] =  5.56280232635632547E+003
YO5_QF4_I[I] = +5.39578487566098283e+03
BI5_QD8_I[I] = +4.96182176161644475e+03
YO5_QD7_I[I] = +4.37783009431730807e+03
YO5_QF8_I[I] = -2.76148057326537628e+03
YO5_QD9_I[I] = -9.16681285321221367E+002
H5_Q11_I[I] = +5.34497457058579130e+02
yo5_tq4_i[i] = +150
Q1APR[K1] = -8.27613865400903120E-002
Q1BPR[K1] = Q1APR[K1]
Q2PR[K1] =  2.86075222280968017E-002
H6_Q3[K1] =  1.21985675193694246E-002
H6_Q04_I[I] = -1.63033451650718121E+003
H6_Q05_I[I] =  2.93965209960785705E+003
H6_Q06_I[I] = -5.15460762213580711E+003
H6_Q07_I[I] =  4.95170047911932670E+003
H6_Q08_I[I] = -5.23996910260892400E+003
H6_Q09_I[I] =  4.35764966296177499E+003
H6_Q10_I[I] = -4.93242019933293432E+003
h6_tq05_i[i] = 100
h6_tq06_i[i] = -100
h6_tq08_i[i] = -100
h6_tq10_i[i] = -75
B0APF[DB_FIELD] =  3.30316064001682452E+000
B1PF[DB_FIELD] =  3.39958082698949049E+000
