Q1APF[K1] = -9.06410486185097036E-02
Q1BPF[K1] = -5.24744340441283333E-02
Q2PF[K1] =  3.76224562896459239E-002
Q3PF[K1] =  1.05261540711222013E-002
YI6_QD2_I[I] =  2.72462440833194069E+003
BO3_QF8_I[I] =  5.32500000000000000E+003
YO5_QF4_I[I] =  5.32500000000000000E+003
BI5_QD8_I[I] =  4.07856977428174559E+003
H5_Q08_I[I] = -2.93896383314641162E+003
H5_Q09_I[I] =  3.64690899438697534E+003
H5_Q10_I[I] = -4.56688744610416506E+003
H5_Q11_I[I] =  4.99755256217516035E+003
B0APF[DB_FIELD] =  3.29970953489524099E+000
B1PF[DB_FIELD] =  3.40003856197019827E+000
yo5_tq4_i[i] = +110
Q1APR[K1] = -8.27613865400903120E-002
Q1BPR[K1] = Q1APR[K1]
Q2PR[K1] =  2.86075222280968017E-002
H6_Q3[K1] =  1.21985675193694246E-002
H6_Q04_I[I] = -1.63350385301785900e+03
H6_Q05_I[I] = +3.02111980310083254e+03
H6_Q06_I[I] = -5.15460762213580711E+003
H6_Q07_I[I] = +4.95982855039467358e+03
H6_Q08_I[I] = -5.25896097643865687e+03
H6_Q09_I[I] = +4.49455523277832799e+03
H6_Q10_I[I] = -4.94926363354642035e+03
h6_tq05_i[i] = 100
h6_tq06_i[i] = -100
h6_tq08_i[i] = -100
h6_tq10_i[i] = -75
