Q1PF[K1] = -7.51047373783190475E-002
Q2PF[K1] =  3.54467431729357310E-002
Q3PF[K1] =  1.39006742838136011E-002
H5_Q04_I[I] = -2.65450278677725237E+003
H5_Q05_I[I] =  5.01751273987913282E+003
H5_Q06_I[I] = -5.32500000000000000E+003
H5_Q07_I[I] =  3.59906571318410442E+003
H5_Q08_I[I] = -3.95767590944275753E+003
H5_Q09_I[I] =  3.53053029144203811E+003
H5_Q10_I[I] = -9.28348280964537025E+002
H5_Q11_I[I] =  1.40765904187346473E+003
B0APF[DB_FIELD] =  1.84815064521883232E+000
OV_B1PF[DB_FIELD] =  2.96153109342204024E+000
h5_tq05_i[i] = 30
h5_tq06_i[i] = -110
h5_tq11_i[i] = 0
Q1APR[K1] = -8.24524170850354787E-002
Q1BPR[K1] = Q1APR[K1]
Q2PR[K1] =  3.59832082621673946E-002
H6_Q3[K1] =  1.25564752372058722E-002
H6_Q04_I[I] = -1.84572417316648921e+03
H6_Q05_I[I] = +4.86919137969717667e+03
H6_Q06_I[I] = -4.32363797963384150e+03
H6_Q07_I[I] = +4.81792422862312833e+03
H6_Q08_I[I] = -3.36041921307857183e+03
H6_Q09_I[I] = +4.53023116434478652e+03
H6_Q10_I[I] = -4.74145147134305444e+03
h6_tq05_i[i] = 110
h6_tq06_i[i] = -100
h6_tq07_i[i] = 30
h6_tq08_i[i] = -100
h6_tq10_i[i] = -110
