Q1APF[K1] = -9.04942861649514069E-02
Q1BPF[K1] = -5.23894694855008974E-02
Q2PF[K1] =  3.75863567845278190E-002
Q3PF[K1] =  1.05598923992612278E-002
YI6_QD2_I[I] =  2.71476064721820603E+003
BO3_QF8_I[I] =  5.32500000000000000E+003
YO5_QF4_I[I] =  5.32500000000000000E+003
BI5_QD8_I[I] =  3.40047789830763986E+003
YO5_QD7_I[I] =  3.17744818890283705E+003
YO5_QF8_I[I] = -3.62717879080329158E+003
YO5_QD9_I[I] =  3.26067540232102556E+003
H5_Q11_I[I] =  3.18792545230393125E+003
B0APF[DB_FIELD] =  3.29772308578922813E+000
B1PF[DB_FIELD] =  3.40030246109039247E+000
yo5_tq4_i[i] = +110
Q1APR[K1] = -8.27613865400903120E-002
Q1BPR[K1] = Q1APR[K1]
Q2PR[K1] =  2.86075222280968017E-002
H6_Q3[K1] =  1.21985675193694246E-002
H6_Q04_I[I] = -1.63033451650718121E+003
H6_Q05_I[I] =  2.93965209960785705E+003
H6_Q06_I[I] = -5.15460762213580711E+003
H6_Q07_I[I] =  4.95170047911932670E+003
H6_Q08_I[I] = -5.23996910260892400E+003
H6_Q09_I[I] =  4.35764966296177499E+003
H6_Q10_I[I] = -4.93242019933293432E+003
h6_tq05_i[i] = 100
h6_tq06_i[i] = -100
h6_tq08_i[i] = -100
h6_tq10_i[i] = -75
