Q1APF, K1 = -9.06464064787677049E-02;
Q1BPF, K1 = -5.24775358472187800E-02;
Q2PF, K1 = 3.76237735406858217E-002;
Q3PF, K1 = 1.05249222040925267E-002;
H5_Q04_I = -2.71993369919950601E+003;
H5_Q05_I = 5.32500000000000000E+003;
H5_Q06_I = -5.32500000000000000E+003;
H5_Q07_I = 3.85742494860758370E+003;
H5_Q08_I = -3.05758718327017277E+003;
H5_Q09_I = 3.67673615376927501E+003;
H5_Q10_I = -4.24913335329160782E+003;
H5_Q11_I = 4.14520654255782665E+003;
B0APF, K0 := -(3.29978206238969696E+000)/beam->brho;
B1PF, K0 := -(3.40002893263796757E+000)/beam->brho;
h5_tq05_i = 0;
h5_tq06_i = -110;
h5_tq11_i = 30;
Q1APR, K1 = -8.09641519478712518E-02;
Q1BPR, K1 := Q1APR->K1;
Q2PR, K1 = 3.56232306438428389E-002;
H6_Q3, K1 = 1.29534291995039314E-002;
H6_Q04_I = -1.69602129488664559E+003;
H6_Q05_I = 4.19543320479046361E+003;
H6_Q06_I = -5.32500000000000000E+003;
H6_Q07_I = 4.54282780406054553E+003;
H6_Q08_I = -5.19120521308347543E+003;
H6_Q09_I = 4.16518553124552000E+003;
H6_Q10_I = -4.82177466942222327E+003;
h6_tq06_i = -100;
h6_tq08_i = -100;
h6_tq10_i = -75;
kb0pf := -8.12223828336297515E+00/beam->brho;
