Q1PF[K1] = -7.88003180939163411E-002
Q2PF[K1] =  3.64477945273106660E-002
Q3PF[K1] =  1.54176621096950017E-002
H5_Q04_I[I] = -2.69618519636793371E+003
H5_Q05_I[I] =  5.33049959605906406E+003
H5_Q06_I[I] = -5.35489093841693466E+003
H5_Q07_I[I] =  4.58488433183013603E+003
H5_Q08_I[I] = -4.29398113674778961E+003
H5_Q09_I[I] =  3.50475290840278012E+003
H5_Q10_I[I] = -1.23682622713226209E+002
H5_Q11_I[I] =  9.85347445862034078E+002
B0APF[DB_FIELD] =  1.74321312023008823E+000
OV_B1PF[DB_FIELD] =  2.89606795347825408E+000
h5_tq05_i[i] = 30
h5_tq06_i[i] = -110
h5_tq11_i[i] = 0
Q1APR[K1] = -8.24524170850354787E-002
Q1BPR[K1] = Q1APR[K1]
Q2PR[K1] =  3.59832082621673946E-002
H6_Q3[K1] =  1.25564752372058722E-002
H6_Q04_I[I] = -1.84572417316648921e+03
H6_Q05_I[I] = +4.86919137969717667e+03
H6_Q06_I[I] = -4.32363797963384150e+03
H6_Q07_I[I] = +4.81792422862312833e+03
H6_Q08_I[I] = -3.36041921307857183e+03
H6_Q09_I[I] = +4.53023116434478652e+03
H6_Q10_I[I] = -4.74145147134305444e+03
h6_tq05_i[i] = 110
h6_tq06_i[i] = -100
h6_tq07_i[i] = 30
h6_tq08_i[i] = -100
h6_tq10_i[i] = -110
