Q1APF[K1] = -9.05268446011468914E-02
Q1BPF[K1] = -5.24083184015136719E-02
Q2PF[K1] =  3.76384539292940121E-002
Q3PF[K1] =  1.29766911401075890E-002
H5_Q04_I[I] = -2.66912743588566127e+03
H5_Q05_I[I] =  5.13698181318250954E+003
H5_Q06_I[I] = -5.32500000000000000E+003
H5_Q07_I[I] = +3.55835893249518904e+03
H5_Q08_I[I] = -3.89827856418298552e+03
H5_Q09_I[I] = +3.74835928685807266e+03
H5_Q10_I[I] = -1.58759536270219360e+03
H5_Q11_I[I] = +1.82688068262645106e+03
B0APF[DB_FIELD] =  1.73415457255258776E+000
OV_B1PF[DB_FIELD] =  2.94225831884869082E+000
h5_tq05_i[i] = 30
h5_tq06_i[i] = -110
h5_tq11_i[i] = 0
Q1APR[B1_GRADIENT] = 7.72224893180106164E+01
Q1BPR[B1_GRADIENT] = 7.76754071439226976E+01
Q2PR[K1] =  3.60148231907541500E-002
H6_Q3[K1] =  1.25448618278526693E-002
H6_Q04_I[I] = -1.84299121657615547E+003
H6_Q05_I[I] =  4.65612966412844253E+003
H6_Q06_I[I] = -4.28824279145679066E+003
H6_Q07_I[I] =  4.62438124773448453E+003
H6_Q08_I[I] = -3.21588854742395733E+003
H6_Q09_I[I] =  4.70047751066450292E+003
H6_Q10_I[I] = -4.76154709132109110E+003
h6_tq05_i[i] = 110
h6_tq06_i[i] = -100
h6_tq07_i[i] = 30
h6_tq08_i[i] = -100
h6_tq10_i[i] = -110
