Q1APF[K1] = -9.05268446011468914E-02
Q1BPF[K1] = -5.24083184015136719E-02
Q2PF[K1] =  3.76384539292940121E-002
Q3PF[K1] =  1.29766911401075890E-002
H5_Q04_I[I] = -2.66800064797642790E+003
H5_Q05_I[I] =  5.13698181318250954E+003
H5_Q06_I[I] = -5.32500000000000000E+003
H5_Q07_I[I] =  3.57208196383536961E+003
H5_Q08_I[I] = -3.92904960002126563E+003
H5_Q09_I[I] =  3.73723385019780653E+003
H5_Q10_I[I] = -1.42818796550839033E+003
H5_Q11_I[I] =  1.73583065541566475E+003
B0APF[DB_FIELD] =  1.73415457255258776E+000
OV_B1PF[DB_FIELD] =  2.94225831884869082E+000
h5_tq05_i[i] = 30
h5_tq06_i[i] = -110
h5_tq11_i[i] = 0
Q1APR[K1] = -8.09641732266356551E-002
Q1BPR[K1] = Q1APR[K1]
Q2PR[K1] =  3.56232358242273076E-002
H6_Q3[K1] =  1.29534235354600690E-002
H6_Q04_I[I] = -1.69602094767509084E+003
H6_Q05_I[I] =  4.19542201995775940E+003
H6_Q06_I[I] = -5.32500000000000000E+003
H6_Q07_I[I] =  4.54283916642310396E+003
H6_Q08_I[I] = -5.19120611234572789E+003
H6_Q09_I[I] =  4.16518625261607212E+003
H6_Q10_I[I] = -4.82177510551300111E+003
h6_tq05_i[i] = 0
h6_tq06_i[i] = -100
h6_tq07_i[i] = 0
h6_tq08_i[i] = -100
h6_tq10_i[i] = -75
