Q1APF[K1] = -9.08471636577031921E-02
Q1BPF[K1] = -5.25937593409393084E-02
Q2PF[K1] =  3.76730983119109436E-002
Q3PF[K1] =  1.04787553750346780E-002
H5_Q04_I[I] = -2.74021025693371575E+003
H5_Q05_I[I] =  5.32500000000000000E+003
H5_Q06_I[I] = -5.32500000000000000E+003
H5_Q07_I[I] =  4.59909861335057121E+003
H5_Q08_I[I] = -2.89849415790038620E+003
H5_Q09_I[I] =  3.65451307472088683E+003
H5_Q10_I[I] = -4.92137319827814099E+003
H5_Q11_I[I] =  5.18368467795550896E+003
B0APF[DB_FIELD] =  3.30250005495632104E+000
B1PF[DB_FIELD] =  3.39966837036369585E+000
h5_tq05_i[i] = 0
h5_tq06_i[i] = -110
h5_tq11_i[i] = 30
Q1APR[K1] = -8.22140440454728894E-002
Q1BPR[K1] = Q1APR[K1]
Q2PR[K1] =  2.85014043863610275E-002
H6_Q3[K1] =  1.23470077519668101E-002
H6_Q04_I[I] = -1.59023670927757212E+003
H6_Q05_I[I] =  4.24084912607224578E+003
H6_Q06_I[I] = -5.26335649948132868E+003
H6_Q07_I[I] =  4.76417829139921741E+003
H6_Q08_I[I] = -5.31049168733162151E+003
H6_Q09_I[I] =  4.88851346320098583E+003
H6_Q10_I[I] = -4.95005182867507665E+003
h6_tq06_i[i] = -100
h6_tq08_i[i] = -100
h6_tq10_i[i] = -75
