Q1APF, K1 = -9.04942861649514069E-02;
Q1BPF, K1 = -5.23894694855008974E-02;
Q2PF, K1 = 3.75863567845278190E-002;
Q3PF, K1 = 1.05598923992612278E-002;
YI6_QD2_I = +2.71375201724027329e+03;
BO3_QF8_I = 5.32500000000000000E+003;
YO5_QF4_I = 5.32500000000000000E+003;
BI5_QD8_I = +3.50649748990820171e+03;
H5_Q08_I = -3.12944192382264646e+03;
H5_Q09_I = +3.59457741714563144e+03;
YO5_QD9_I = +3.25870668509499637e+03;
H5_Q11_I = +3.11626934339516038e+03;
B0APF, K0 := -(3.29772308578922813E+000)/beam->brho;
B1PF, K0 := -(3.40030246109039247E+000)/beam->brho;
yo5_tq4_i = +110;
Q1APR, K1 = -8.27613865400903120E-002;
Q1BPR, K1 := Q1APR->K1;
Q2PR, K1 = 2.86075222280968017E-002;
H6_Q3, K1 = 1.21985675193694246E-002;
H6_Q04_I = -1.63350385301785900e+03;
H6_Q05_I = +3.02111980310083254e+03;
H6_Q06_I = -5.15460762213580711E+003;
H6_Q07_I = +4.95982855039467358e+03;
H6_Q08_I = -5.25896097643865687e+03;
H6_Q09_I = +4.49455523277832799e+03;
H6_Q10_I = -4.94926363354642035e+03;
h6_tq05_i = 100;
h6_tq06_i = -100;
h6_tq08_i = -100;
h6_tq10_i = -75;
