Y8_Q6_PS[I] =  1.78075300237573870E+001
Y8_Q7_PS[I] =  5.46238013884099701E+002
Y8_Q89_PS[I] = +2.47755161205191826e+02
YI7_QF1_PS[I] =  1.78054594537261295E+001
YI7_QD2_PS[I] = +8.86771821980359647e+01
YI7_QF3_PS[I] = -7.22517781521573710e+01
YI7_TQ4_PS[I] =  9.61828666408608797E+001
YI7_TQ5_PS[I] = +6.70288251750261121e+00
YI7_TQ6_PS[I] = -9.45514964683555448e+00
YI7_QF9_PS[I] = +2.39713561219463074e+01
YO8_QD1_PS[I] =  4.29441010169854209E+001
YO8_QF2_PS[I] = +1.17024689104043048e+02
YO8_QD3_PS[I] = -2.90849379075967462e+01
YO8_TQ4_PS[I] =  3.27738031831817533E+000
YO8_TQ5_PS[I] = -5.27843920448510033e+01
YO8_TQ6_PS[I] = +5.22899462160622761e+01
YO8_QF8_PS[I] = -1.42016284381850227E+002
