Y8_Q6_PS[I] =  1.64750880379826441E+002
Y8_Q7_PS[I] =  3.52676749611648063E+002
Y8_Q89_PS[I] = -1.80115153628942920E+002
YI7_QF1_PS[I] =  4.90000011460070866E+001
YI7_QD2_PS[I] =  7.11533511184811545E+001
YI7_QF3_PS[I] = -1.03010336439683897E+002
YI7_TQ4_PS[I] = -5.06429663253279383E+000
YI7_TQ5_PS[I] =  4.40992041708771865E+001
YI7_TQ6_PS[I] = -5.13069057572421556E+001
YI7_QF9_PS[I] = -1.12742336277829480E+002
YO8_QD1_PS[I] =  4.90000003740238554E+001
YO8_QF2_PS[I] =  1.04999999999999943E+002
YO8_QD3_PS[I] = -1.19833944602889460E+002
YO8_TQ4_PS[I] =  1.08366930198503173E+001
YO8_TQ5_PS[I] = -5.02125031245933968E+001
YO8_TQ6_PS[I] =  5.31110707177601853E+001
YO8_QF8_PS[I] = -1.14999999318513375E+002
