Y8_Q6_PS[I] =  6.52369550087237684E+001
Y8_Q7_PS[I] =  4.98763044991276217E+002
Y8_Q89_PS[I] = -6.49667487487083406E+001
YI7_QF1_PS[I] =  6.52369550087237684E+001
YI7_QD2_PS[I] =  7.70929906283005977E+001
YI7_QF3_PS[I] = -2.19995545780175291E+002
YI7_TQ4_PS[I] =  4.87630449912762245E+001
YI7_TQ5_PS[I] =  2.28640924338466114E+001
YI7_TQ6_PS[I] = -2.15642483543321255E+001
YI7_QF9_PS[I] = -5.62369550087237755E+001
YO8_QD1_PS[I] =  6.52369550087237684E+001
YO8_QF2_PS[I] =  8.87630449912762316E+001
YO8_QD3_PS[I] = -2.06186329348003170E+002
YO8_TQ4_PS[I] = -2.50366462473944615E+001
YO8_TQ5_PS[I] = -3.30879136597794812E+001
YO8_TQ6_PS[I] =  3.36212530231463020E+001
YO8_QF8_PS[I] = -9.87630449912762316E+001
