IR10_QD1_PS[I] =  4.50000000000000000E+001
IR10_QF2_PS[I] = -4.49889085108484181E+001
IR10_QD3_PS[I] = -2.80000000000000000E+002
IR10_TQ4_PS[I] = -6.84713889463438079E+001
IR10_TQ5_PS[I] =  7.61732659862298078E+000
IR10_TQ6_PS[I] = -7.53479578553073992E+000
IR10_QF6_PS[I] =  1.37069706605172541E+002
IR10_QD7_PS[I] =  1.52023153731929284E+002
IR10_QF8_PS[I] = -1.50000000000000000E+002
IR10_QD9_PS[I] =  1.01873872533447511E+002
YI10_QF1_PS[I] =  1.90000000000000000E+002
YI10_QD2_PS[I] =  1.40000000000000000E+002
YI10_QF3_PS[I] = -2.80000000000000000E+002
YI10_TQ4_PS[I] =  7.53116277446304281E+001
YI10_TQ5_PS[I] = -2.84862603337660723E+001
YI10_TQ6_PS[I] =  2.51800037868211959E+001
YI10_QD6_PS[I] =  4.50000000000000000E+001
YI10_QF7_PS[I] =  8.17762541062925266E+001
YI10_QF9_PS[I] = -4.50000000000000000E+001
YI10_Q89_PS[I] =  7.53789908698206634E+000
