IR10_QD1_PS = 2.00000000000000000E+001;
IR10_QF2_PS = -5.23500434558603267e+00;
IR10_QD3_PS = -2.80000000000000000E+002;
IR10_TQ4_PS = -5.39855959537426457e+01;
IR10_TQ5_PS = +1.30428934878899909e+01;
IR10_TQ6_PS = -2.98903411332491364e+00;
IR10_QF6_PS = +1.41080075664568909e+02;
IR10_QD7_PS = +9.34259492108572118e+01;
IR10_QF8_PS = -6.46793385518329558e+01;
IR10_QD9_PS = -5.60287186038977083e+01;
YI10_QF1_PS = 2.00000000000000000E+001;
YI10_QD2_PS = +2.55973263797902284e+01;
YI10_QF3_PS = -2.14531056397585388e+02;
YI10_TQ4_PS = +3.18571101387317874e+01;
YI10_TQ5_PS = -2.41928225924482909e+00;
YI10_TQ6_PS = +6.74394248422071185e-01;
YI10_QD6_PS = +1.41080075664568909e+02;
YI10_QF7_PS = +9.34259492108572118e+01;
YI10_QF9_PS = -2.00000000000000000E+001;
YI10_Q89_PS = -5.60287186038977083e+01;
