IR10_QD1_PS = 4.50000000000000000E+001;
IR10_QF2_PS = -4.32400891758721286E+001;
IR10_QD3_PS = -2.80000000000000000E+002;
IR10_TQ4_PS = -6.77696096269499009E+001;
IR10_TQ5_PS = 6.95703838563175392E+000;
IR10_TQ6_PS = -6.81432003069947712E+000;
IR10_QF6_PS = 1.21237841526011763E+002;
IR10_QD7_PS = 1.63007088610369237E+002;
IR10_QF8_PS = -1.50000000000000000E+002;
IR10_QD9_PS = 1.02778967809115557E+002;
YI10_QF1_PS = 1.90000000000000000E+002;
YI10_QD2_PS = 1.40000000000000000E+002;
YI10_QF3_PS = -2.80000000000000000E+002;
YI10_TQ4_PS = 7.54304168177955603E+001;
YI10_TQ5_PS = -2.86731728250979820E+001;
YI10_TQ6_PS = 2.52032092657833608E+001;
YI10_QD6_PS = 4.50000000000000000E+001;
YI10_QF7_PS = 8.16259681699343389E+001;
YI10_QF9_PS = -4.50000000000000000E+001;
YI10_Q89_PS = 7.68304213477269204E+000;
