IR10_QD1_PS =  1.49213473210715364E+002;
IR10_QF2_PS =  9.92134732107153781E+001;
IR10_QD3_PS = -1.63616185098275054E+002;
IR10_TQ4_PS = -5.92134732107153710E+001;
IR10_TQ5_PS =  2.20207643758418037E+001;
IR10_TQ6_PS = -8.51734115556127236E+000;
IR10_QF6_PS =  5.47865267892846290E+001;
IR10_QD7_PS =  5.47865267892846290E+001;
IR10_QF8_PS = -1.04311846250531318E+002;
IR10_QD9_PS =  3.01920809353737205E+001;
YI10_QF1_PS =  1.49213473210715364E+002;
YI10_QD2_PS =  9.44249938216806868E+001;
YI10_QF3_PS = -1.68798428751456839E+002;
YI10_TQ4_PS =  5.92134732107153710E+001;
YI10_TQ5_PS = -1.99047102481566043E+001;
YI10_TQ6_PS = -3.53297833916344173E+000;
YI10_QD6_PS =  5.47865267892846290E+001;
YI10_QF7_PS =  5.47865267892846290E+001;
YI10_QF9_PS = -4.57865267892846290E+001;
YI10_Q89_PS =  3.30880754648718352E+001;
