IR10_QD1_PS[I] =  2.00000000000000000E+001
IR10_QF2_PS[I] = -5.23500434558603267e+00
IR10_QD3_PS[I] = -2.80000000000000000E+002
IR10_TQ4_PS[I] = -5.39855959537426457e+01
IR10_TQ5_PS[I] = +1.30428934878899909e+01
IR10_TQ6_PS[I] = -2.98903411332491364e+00
IR10_QF6_PS[I] = +1.41080075664568909e+02
IR10_QD7_PS[I] = +9.34259492108572118e+01
IR10_QF8_PS[I] = -6.46793385518329558e+01
IR10_QD9_PS[I] = -5.60287186038977083e+01
YI10_QF1_PS[I] =  2.00000000000000000E+001
YI10_QD2_PS[I] = +2.55973263797902284e+01
YI10_QF3_PS[I] = -2.14531056397585388e+02
YI10_TQ4_PS[I] = +3.18571101387317874e+01
YI10_TQ5_PS[I] = -2.41928225924482909e+00
YI10_TQ6_PS[I] = +6.74394248422071185e-01
YI10_QD6_PS[I] = +1.41080075664568909e+02
YI10_QF7_PS[I] = +9.34259492108572118e+01
YI10_QF9_PS[I] = -2.00000000000000000E+001
YI10_Q89_PS[I] = -5.60287186038977083e+01
