IR10_QD1_PS[I] =  4.50000000000000000E+001
IR10_QF2_PS[I] = -3.95127883571554790e+01
IR10_QD3_PS[I] = -2.80000000000000000E+002
IR10_TQ4_PS[I] = -6.03064142353970780e+01
IR10_TQ5_PS[I] = +2.08368029882980510e+00
IR10_TQ6_PS[I] = -1.77856029190852016e+00
IR10_QF6_PS[I] = +4.45145954712844443e+01
IR10_QD7_PS[I] = +2.10013539531037026e+02
IR10_QF8_PS[I] = -1.50000000000000000E+002
IR10_QD9_PS[I] = +6.53344343997537607e+01
YI10_QF1_PS[I] =  1.90000000000000000E+002
YI10_QD2_PS[I] =  1.40000000000000000E+002
YI10_QF3_PS[I] = -2.80000000000000000E+002
YI10_TQ4_PS[I] = +8.13181793683496039e+01
YI10_TQ5_PS[I] = -3.60586841810102143e+01
YI10_TQ6_PS[I] = +2.55205887867283430e+01
YI10_QD6_PS[I] =  4.50000000000000000E+001
YI10_QF7_PS[I] = +5.24674763480815542e+01
YI10_QF9_PS[I] = -4.50000000000000000E+001
YI10_Q89_PS[I] = -2.04381497015171689e+01
