IR12_QF1_PS = 2.00000000000000000E+001;
IR12_QD2_PS = -3.94914864107070045E+001;
IR12_QF3_PS = -7.72505082231533180e+01;
IR12_TQ4_PS = +3.18090994105266169e+01;
IR12_TQ5_PS = +1.22160886586478146e+01;
IR12_TQ6_PS = -2.26377289838644158e+00;
IR12_QD6_PS = 4.50000000000000000E+001;
IR12_QF7_PS = +8.55001842150854685e+01;
IR12_QF9_PS = -5.17693423372287853e+01;
IR12_Q89_PS = -3.13055306086297840e+01;
