IR12_QF1_PS[I] =  2.00000000000000000E+001
IR12_QD2_PS[I] = +5.05760399095587410e+00
IR12_QF3_PS[I] = -2.80000000000000000E+002
IR12_TQ4_PS[I] = +4.61989196118809318e+01
IR12_TQ5_PS[I] = -6.16651393472487985e+00
IR12_TQ6_PS[I] = +6.81364194939795187e+00
IR12_QD6_PS[I] = +1.53168676446231729e+02
IR12_QF7_PS[I] = +9.06530226230734542e+01
IR12_QF9_PS[I] = -3.74244657628306499e+01
IR12_Q89_PS[I] = -4.81825178884728089e+01
