IR12_QF1_PS = 1.61180662731795735E+002;
IR12_QD2_PS = 6.89901341121144753E+001;
IR12_QF3_PS = -2.86806871862330865E+002;
IR12_TQ4_PS = 5.28929034088480492E+001;
IR12_TQ5_PS = -5.28322420062797171E+000;
IR12_TQ6_PS = 4.96606671127032884E-001;
IR12_QD6_PS = 4.50000000000000000E+001;
IR12_QF7_PS = 1.23096094309365640E+002;
IR12_QF9_PS = -4.50000000000000000E+001;
IR12_Q89_PS = 0.00000000000000000E+000;
