IR12_QF1_PS =  9.61264982998990263E+001;
IR12_QD2_PS =  6.13705402990955733E+001;
IR12_QF3_PS = -1.24650336533156533E+002;
IR12_TQ4_PS =  6.00000000000000000E+001;
IR12_TQ5_PS = -2.55823853905662695E+001;
IR12_TQ6_PS =  4.32717838566751301E+000;
IR12_QD6_PS =  5.40000000000000000E+001;
IR12_QF7_PS =  5.40000000000000000E+001;
IR12_QF9_PS = -4.28845029376680031E+001;
IR12_Q89_PS = -1.05961677094772071E+001;
