IR12_QF1_PS[I] =  2.00000000000000000E+001
IR12_QD2_PS[I] =  1.10906697829824519E+000
IR12_QF3_PS[I] = -2.80000000000000000E+002
IR12_TQ4_PS[I] =  4.95073303684169304E+001
IR12_TQ5_PS[I] = -6.65643083196709018E+000
IR12_TQ6_PS[I] =  5.28115967785756002E+000
IR12_QD6_PS[I] =  1.15130017599376359E+002
IR12_QF7_PS[I] =  1.05667351019861457E+002
IR12_QF9_PS[I] = -2.99801913087732252E+001
IR12_Q89_PS[I] = -1.96176772983573287E+001
