IR2_Q1_I[I] = +3.87464172078789346e+01
IR2_Q2_I[I] = +3.61679413401962336e+02
IR2_Q3_I[I] = -2.90987749415590542e+02
IR2_Q4_I[I] = -4.76358368972942060e+02
IR2_Q5_I[I] = +4.07887557889834170e+02
IR2_Q6_I[I] = +7.31654835058980780e+02
IR2_Q7_I[I] = -8.47451381041776244e+02
IR2_Q8_I[I] = +4.14182496649101353e+01
IR2_Q9_I[I] = +5.20133774390884582e+02
