IR2_Q1_I[I] = +1.03919342927061848e+03
IR2_Q2_I[I] = -4.99477551568570220e+02
IR2_Q3_I[I] = +5.81837756243911599e+02
IR2_Q4_I[I] = -7.66353280970001947e+02
IR2_Q5_I[I] = +3.47231076394711181e+02
IR2_Q6_I[I] = +7.58371039259206214e+02
IR2_Q7_I[I] = -8.65991207788210545e+02
IR2_Q8_I[I] = -2.37113080095615025e+00
IR2_Q9_I[I] = +5.31645289157857405e+02
