YI3_QD6_PS[I] = +8.70980707349749963e+01
YI3_QF7_PS[I] = +1.35090471571239931e+02
Y4_Q89_PS[I] = +6.47504176756753225e+01
YI3_QF1_PS[I] = +1.02214694529217581e+02
YI3_QD2_PS[I] = +7.46549041828019426e+01
YI3_QF3_PS[I] = -2.80000000000000000E+002
YI3_TQ4_PS[I] = +3.85882366680992348e+01
YI3_TQ5_PS[I] =  0.00000000000000000E+000
YI3_TQ6_PS[I] = -6.95321670191306040e+00
YI3_QF9_PS[I] = -1.50000000000000000E+002
YO4_QD1_PS[I] = +1.78186792954731317e+02
YO4_QF2_PS[I] = +1.04699401088126521e+02
YO4_QD3_PS[I] = -2.80000000000000000E+002
YO4_TQ4_PS[I] = -3.82525557549814010e+01
YO4_TQ5_PS[I] =  0.00000000000000000E+000
YO4_TQ6_PS[I] =  0.00000000000000000E+000
YO4_QF8_PS[I] = -1.10407921354042969e+02
YO4_QF6_PS[I] = YI3_QD6_PS[I]
YO4_QD7_PS[I] = YI3_QF7_PS[I]
