Q1APF[K1] = -1.17163057435674456E-001
Q1BPF[K1] = 0
Q2PF[K1] =  3.85029653773557787E-002
Q3PF[K1] =  4.46187092073611121E-003
YI6_QD2_I[I] =  7.42780039944593256E+001
BO3_QF8_I[I] =  7.34073473679284348E+002
YO5_QF4_I[I] =  2.35171433378046373E+002
BI5_QD8_I[I] =  4.67932314807101136E+002
YO5_QD7_I[I] =  8.55701775205781701E+002
YO5_QF8_I[I] = -7.06296407553445306E+002
YO5_QD9_I[I] =  7.12157753935900359E+002
H5_Q11_I[I] =  8.94375952202620283E+002
yo5_tq%_i[i] = 0
Q1APR[K1] = -1.44807771229697152E-001
Q1BPR[K1] =  0.00000000000000000E+000
Q2PR[K1] =  3.21633301647646572E-002
Q3PR[K1] = -2.05867523973263071E-002
Q4PR[K1] =  2.62161194645110750E-002
Q5PR[K1] = -8.34610067792248694E-002
YI6_QD4_I[I] =  6.43644405258981919E+002
YI6_QF5_I[I] = -1.19597099736335235E+003
YI6_QD6_I[I] =  1.09308831328593055E+003
YI6_QF7_I[I] = -7.51473227259421606E+002
YI6_QD8_I[I] = -6.88732373964351723E+002
YI6_QF9_I[I] =  1.05978395231548120E+003
yi6_tq%_i[i] = 0
B0APF[DB_FIELD] = -2.57397339853808749E+000
B1PF[DB_FIELD] =  5.82852589906154517E-001
