Q1APF, K1 = -1.73859453239205430E-001;
Q1BPF, K1 =  1.27163639781330967E-001;
Q2PF, K1 =  9.75661475376195068E-003;
Q3PF, K1 =  1.41042632560226585E-002;
YI6_QD2_I = -3.78877953612780459E+002;
BO3_QF8_I = -9.86060078111875100E+002;
YO5_QF4_I = -4.83588924482155633E+001;
BI5_QD8_I = -9.42722043776958230E+002;
YO5_QD7_I = -1.02313054942909832E+003;
YO5_QF8_I =  6.02836314994246095E+002;
YO5_QD9_I = -9.73550864349546600E+002;
yo5_tq4_i = 0;
yo5_tq5_i = 0;
yo5_tq6_i = 0;
Q1APR, K1 = -1.44807771229697152E-001;
Q1BPR, K1 =  0.00000000000000000E+000;
Q2PR, K1 =  3.21633301647646572E-002;
Q3PR, K1 = -2.05867523973263071E-002;
Q4PR, K1 =  2.62161194645110750E-002;
Q5PR, K1 = -8.34610067792248694E-002;
YI6_QD4_I =  6.43644405258981919E+002;
YI6_QF5_I = -1.19597099736335235E+003;
YI6_QD6_I =  1.09308831328593055E+003;
YI6_QF7_I = -7.51473227259421606E+002;
YI6_QD8_I = -6.88732373964351723E+002;
YI6_QF9_I =  1.05978395231548120E+003;
yi6_tq4_i = 0;
yi6_tq5_i = 0;
yi6_tq6_i = 0;
B0APF, K0 := +2.48490584518741287E+000/beam->brho;
B1PF, K0 :=  -6.16436518023867008E-001/beam->brho;
