QFFUS01[K1] = -1.43486009830074174E-001
QFFUS02[K1] =  0.00000000000000000E+000
QFFUS03[K1] =  3.26073996483658007E-002
QUS01C[K1] = -1.64650134923319293E-002
QUS02C[K1] = +8.10993778598527865e-02
QUS03[K1] = -6.44555252423315433E-002
QUS04[K1] = +8.69798730320925639e-02
QUS05[K1] = -6.24051740262122415e-02
QUS06[K1] = +6.96194291893400818e-02
QUS07[K1] = -5.63213487128061824e-02
QUS08[K1] = +8.40901617312734273e-02
QUS09[K1] = -9.76809509438274770E-002
BXDS01A[DG] = -4.13197585810183533E-004
BXDS01B[DG] =  1.49495376285610964E-004
qffds01a[k1] = -0.06766538857
QFFDS01B[K1] = -4.68367888870828072E-002
qffds02a[k1] = 0.0372361699
QFFDS02B[K1] =  3.32801607426659180E-002
QDS01[K1] = -1.36734986659757148E-002
QDS02[K1] =  1.66207322675755526E-001
QDS02A[K1] = -1.37792258183123961E-001
QDS03A[K1] =  6.38124716105117756E-002
QDS03B[K1] =  0
QDS04A[K1] =  8.29031000033971233E-002
QDS04B[K1] = -1.33664439147769907e-02
QDS05[K1] = -1.08352719860423968e-01
QDS06[K1] = +1.05749978942049364e-01
QDS07[K1] = +1.53605296105044468e-02
QDS08[K1] = -7.27568419595087529e-02
QDS09[K1] = +4.74655480864994012e-02
QDS10[K1] = +5.53499135225666086e-02
