QFFUS01[K1] = -7.75648442353435857E-002
qffus02[k1] = -0.09120782005
QFFUS03[K1] =  2.84513044416901985E-002
QUS01C[K1] =  7.20014156937597363E-003
QUS02C[K1] =  89*c_light/p275
QUS03[K1] = -9.64117675685691733E-002
QUS04[K1] =  89*c_light/p275
QUS05[K1] = -8.60242163205669624E-002
QUS06[K1] =  6.13075906063670351E-002
QUS07[K1] = -8.39144241788776363E-002
QUS08[K1] =  9.24461998144454206E-002
QUS09[K1] = -89*c_light/p275
BXDS01A[DG] = -4.13197585810183533E-004
BXDS01B[DG] =  1.49495376285610964E-004
qffds01a[k1] = -0.06766538857
QFFDS01B[K1] = -4.68367888870828072E-002
qffds02a[k1] = 0.0372361699
QFFDS02B[K1] =  3.32801607426659180E-002
QDS01[K1] = -1.36734986659757148E-002
QDS02[K1] =  1.66207322675755526E-001
QDS02A[K1] = -1.37792258183123961E-001
QDS03A[K1] =  6.38124716105117756E-002
QDS03B[K1] =  0
QDS04A[K1] =  8.29031000033971233E-002
QDS04B[K1] = -1.38558718572477889E-002
QDS05[K1] = -1.10160882344275401E-001
QDS06[K1] =  1.05216958986300527E-001
QDS07[K1] =  2.11605053081539360E-002
QDS08[K1] = -7.91010598991623987E-002
QDS09[K1] =  5.35036009193379930E-002
QDS10[K1] =  5.03264580871632325E-002
