Q1APF[K1] = -9.32149018569461002E-02
Q1BPF[K1] = -5.39645038751608921E-02
Q2PF[K1] =  4.49588992862028081E-002
Q3PF[K1] = -5.74209872151046838E-002
YI6_QD2_I[I] =  3.11808098156634685E+002
BO3_QF8_I[I] =  5.90251243816533815E+002
YO5_TQ4_I[I] =  0.00000000000000000E+000
YO5_QF4_I[I] =  4.13926149940164976E+002
BI5_QD8_I[I] =  4.68456071194211574E+002
H5_Q08_I[I] = -4.33364878371791406E+002
H5_Q09_I[I] =  4.24833103711833473E+002
H5_Q10_I[I] = -4.11520153334683073E+002
H5_Q11_I[I] =  5.65867315269248479E+002
H5_TQ11_I[I] =  0.00000000000000000E+000
B0APF[DB_FIELD] =  2.66785193377082119E-001
B1PF[DB_FIELD] =  2.91500185267988932E-001
Q1APR[K1] = -7.36759488024141401E-002
Q1BPR[K1] = -7.36759488024141401E-002
Q2PR[K1] =  3.36759442550053009E-002
H6_Q3[K1] = -6.89962472488524770E-002
H6_Q04_I[I] = -8.94063496973414402E+001
H6_Q05_I[I] =  8.17073653220743665E+001
H6_Q06_I[I] = -6.84051493741774550E+001
H6_Q07_I[I] =  1.80412933083650472E+002
H6_Q08_I[I] = -1.25207452249661901E+003
H6_TQ08_I[I] =  7.22460915983474194E+001
H6_Q09_I[I] =  2.84733491200883861E+002
H6_Q10_I[I] = -6.14583641975289083E+002
