Q1APF[K1] = -9.54555029820927103E-02
Q1BPF[K1] = -5.52616454876278043E-02
Q2PF[K1] =  4.73657127331861202E-002
Q3PF[K1] = -6.07388263233317252E-002
YI6_QD2_I[I] =  3.19154283385152439E+002
BO3_QF8_I[I] =  5.87283613877676885E+002
YO5_TQ4_I[I] = -2.45577771141059949E-002
YO5_QF4_I[I] =  3.69380341411986763E+002
BI5_QD8_I[I] =  4.10867915690796451E+002
H5_Q08_I[I] = -4.18590825266767013E+002
H5_Q09_I[I] =  4.02036513199045089E+002
YO5_QD9_I[I] =  3.95323589058831203E+002
H5_Q11_I[I] =  5.61477640409272453E+002
H5_TQ11_I[I] = -1.06977195434450792E-001
B0APF[DB_FIELD] =  2.61174056861601556E-001
B1PF[DB_FIELD] =  2.88429392913272575E-001
Q1APR[K1] = -7.36759488024141401E-002
Q1BPR[K1] = -7.36759488024141401E-002
Q2PR[K1] =  3.36759442550053009E-002
H6_Q3[K1] = -6.89962472488524770E-002
H6_Q04_I[I] = -8.94063496973414402E+001
H6_Q05_I[I] =  8.17073653220743665E+001
H6_Q06_I[I] = -6.84051493741774550E+001
H6_Q07_I[I] =  1.80412933083650472E+002
H6_Q08_I[I] = -1.25207452249661901E+003
H6_TQ08_I[I] =  7.22460915983474194E+001
H6_Q09_I[I] =  2.84733491200883861E+002
H6_Q10_I[I] = -6.14583641975289083E+002
