Q1APF[K1] = -9.55223426955940924E-02
Q1BPF[K1] = -5.53003407166781508E-02
Q2PF[K1] =  4.73685003500809373E-002
Q3PF[K1] = -6.07330641445810032E-002
YI6_QD2_I[I] =  3.16480255091885908E+002
BO3_QF8_I[I] =  5.86059027616861954E+002
YO5_QF4_I[I] =  3.69507687289086107E+002
BI5_QD8_I[I] =  3.93980570174408854E+002
YO5_QD7_I[I] =  4.26745097475338298E+002
YO5_QF8_I[I] = -3.89510319718754147E+002
YO5_QD9_I[I] =  3.66299701195289970E+002
H5_Q11_I[I] =  5.31979201522022663E+002
B0APF[DB_FIELD] =  2.61316088819865122E-001
B1PF[DB_FIELD] =  2.88436362200406138E-001
Q1APR[K1] = -7.02421669352568528E-002
Q1BPR[K1] = -7.02421669352568528E-002
Q2PR[K1] =  3.30668647612158001E-002
H6_Q3[K1] = -6.83043591696644997E-002
H6_Q04_I[I] = -6.04856080790335824E+001
H6_Q05_I[I] =  5.91131521896601697E+000
H6_Q06_I[I] = -7.80876489327359593E+001
H6_Q07_I[I] =  2.78896128126393194E+002
H6_Q08_I[I] = -4.50410252928895375E+002
H6_Q09_I[I] =  4.82465058181829363E+002
H6_Q10_I[I] = -6.59568882300092810E+002
