Q1APF[K1] = -9.08959470528146046E-02
Q1BPF[K1] = -5.26220013029227440E-02
Q2PF[K1] =  3.76850746273477283E-002
Q3PF[K1] =  1.04675342679499024E-002
YI6_QD2_I[I] =  2.37746179575648682e+02
BO3_QF8_I[I] =   4.91902306056558302e+02
YO5_QF4_I[I] =  4.77133442392380687e+02
BI5_QD8_I[I] =  4.38759356092280882e+02
YO5_QD7_I[I] =  3.87118684537010722e+02
YO5_QF8_I[I] = -2.44189633646279987e+02
YO5_QD9_I[I] = -8.10594394181453595e+01
H5_Q11_I[I] =  4.72640436031269360e+01
yo5_tq4_i[i] =  1.32640603745511232e+01
Q1APR[K1] =  -8.28531867146217044E-002
Q1BPR[K1] = Q1APR[K1]
Q2PR[K1] =  2.86252721257641424E-002
H6_Q3[K1] =  1.21736492843573050E-002
H6_Q04_I[I] = -1.44505956476025744e+02
H6_Q05_I[I] =  2.68256846180502464e+02
H6_Q06_I[I] = -4.21101461316233838e+02
H6_Q07_I[I] =  4.35905662686609503e+02
H6_Q08_I[I] = -4.47868287289437490e+02
H6_Q09_I[I] =  3.70967337777138653e+02
H6_Q10_I[I] = -4.35250500562030538e+02
h6_tq05_i[i] =  8.84270691636741546e+00
h6_tq06_i[i] = -1.32640603745511232e+01
h6_tq08_i[i] = -8.84270691636741546e+00
h6_tq10_i[i] = -6.63203018727556159e+00
B0APF[DB_FIELD] =   2.92088814373493932e-01
B1PF[DB_FIELD] =   3.00614968915700276e-01
