Q1APF[K1] = -9.32655655750926488E-02
Q1BPF[K1] = -5.39938344045052740E-02
Q2PF[K1] =  4.44516472015878961E-002
Q3PF[K1] = -5.82459005517944120E-002
H5_Q04_I[I] = -3.15542165440405029E+002
H5_Q05_I[I] =  5.98756146994024562E+002
H5_Q06_I[I] = -4.23982245207585777E+002
H5_Q07_I[I] =  4.54240747860538363E+002
H5_Q08_I[I] = -4.18353740552441934E+002
H5_Q09_I[I] =  4.14713303683289496E+002
H5_Q10_I[I] = -4.23878289001411872E+002
H5_Q11_I[I] =  5.77115204843807305E+002
B0APF[DB_FIELD] =  2.69128632668329204E-001
B1PF[DB_FIELD] =  2.92212172174128815E-001
h5_tq05_i[i] = 0
h5_tq06_i[i] = 0
h5_tq11_i[i] = 0
Q1APR[K1] = -7.36759488024141401E-002
Q1BPR[K1] = -7.36759488024141401E-002
Q2PR[K1] =  3.36759442550053009E-002
H6_Q3[K1] = -6.89962472488524770E-002
H6_Q04_I[I] = -8.94063496973414402E+001
H6_Q05_I[I] =  8.17073653220743665E+001
H6_Q06_I[I] = -6.84051493741774550E+001
H6_Q07_I[I] =  1.80412933083650472E+002
H6_Q08_I[I] = -1.25207452249661901E+003
H6_TQ08_I[I] =  7.22460915983474194E+001
H6_Q09_I[I] =  2.84733491200883861E+002
H6_Q10_I[I] = -6.14583641975289083E+002
