Q1APF[K1] = -9.57464872332768197E-002
Q1BPF[K1] = -5.54301037538257810E-002
Q2PF[K1] =  4.87262135725144568E-002
Q3PF[K1] = -6.39219810974309827E-002
YI6_QD2_I[I] =  3.35292797433838302E+002
BO3_QF8_I[I] =  6.12296093993982481E+002
YO5_QF4_I[I] =  3.49935361040694033E+002
BI5_QD8_I[I] =  4.23517007343655962E+002
YO5_QD7_I[I] =  4.34230761051933428E+002
YO5_QF8_I[I] = -4.19357164664338143E+002
YO5_QD9_I[I] =  3.77022464251350755E+002
H5_Q11_I[I] =  5.62292397771932428E+002
B0APF[DB_FIELD] =  2.55610578931777022E-001
B1PF[DB_FIELD] =  2.86465528397503888E-001
Q1APR[K1] = -7.02421669352568528E-002
Q1BPR[K1] = -7.02421669352568528E-002
Q2PR[K1] =  3.30668647612158001E-002
H6_Q3[K1] = -6.83043591696644997E-002
H6_Q04_I[I] = -6.04856080790335824E+001
H6_Q05_I[I] =  5.91131521896601697E+000
H6_Q06_I[I] = -7.80876489327359593E+001
H6_Q07_I[I] =  2.78896128126393194E+002
H6_Q08_I[I] = -4.50410252928895375E+002
H6_Q09_I[I] =  4.82465058181829363E+002
H6_Q10_I[I] = -6.59568882300092810E+002
