Q1APF[K1] = -9.55223426955940924E-02
Q1BPF[K1] = -5.53003407166781508E-02
Q2PF[K1] =  4.73685003500809373E-002
Q3PF[K1] = -6.07330641445810032E-002
YI6_QD2_I[I] =  3.16480255091885908E+002
BO3_QF8_I[I] =  5.86059027616861954E+002
YO5_QF4_I[I] =  3.69507687289086107E+002
BI5_QD8_I[I] =  3.93980570174408854E+002
YO5_QD7_I[I] =  4.26745097475338298E+002
YO5_QF8_I[I] = -3.89510319718754147E+002
YO5_QD9_I[I] =  3.66299701195289970E+002
H5_Q11_I[I] =  5.31979201522022663E+002
B0APF[DB_FIELD] =  2.61316088819865122E-001
B1PF[DB_FIELD] =  2.88436362200406138E-001
Q1APR[K1] = -7.36759488024141401E-002
Q1BPR[K1] = -7.36759488024141401E-002
Q2PR[K1] =  3.36759442550053009E-002
H6_Q3[K1] = -6.89962472488524770E-002
H6_Q04_I[I] = -8.94063496973414402E+001
H6_Q05_I[I] =  8.17073653220743665E+001
H6_Q06_I[I] = -6.84051493741774550E+001
H6_Q07_I[I] =  1.80412933083650472E+002
H6_Q08_I[I] = -1.25207452249661901E+003
H6_TQ08_I[I] =  7.22460915983474194E+001
H6_Q09_I[I] =  2.84733491200883861E+002
H6_Q10_I[I] = -6.14583641975289083E+002
