IR10_QD1_PS[I] =  6.00000000000000000E+001
IR10_QF2_PS[I] =  1.40000000000000000E+002
IR10_QD3_PS[I] = -2.80000000000000000E+002
IR10_TQ4_PS[I] = -4.24392801025291888e+01
IR10_TQ5_PS[I] = -5.17191968471173169e+01
IR10_TQ6_PS[I] = +6.14198961795106655e+01
IR10_QF6_PS[I] =  1.50000000000000000E+002
IR10_QD7_PS[I] = +4.61508322765598166e+02
IR10_QF8_PS[I] = -6.00000000000000000E+001
IR10_QD9_PS[I] = -2.78000000000000000E+002
