YO9_QD1_PS[I] =  6.00000000000000000E+001
YO9_QF2_PS[I] =  1.40000000000000000E+002
YO9_QD3_PS[I] = -2.31700703071023298e+02
YO9_TQ4_PS[I] = -2.27493843585765312e+01
YO9_TQ5_PS[I] = -4.41818099508952429e+01
YO9_TQ6_PS[I] = +6.53476578359127700e+01
YO9_QF6_PS[I] =  1.35000000000000000E+002
YO9_QD7_PS[I] = +4.41906966229411864e+02
YO9_QF8_PS[I] = -6.00000000000000000E+001
YO9_QD9_PS[I] = -8.68317190418078866e+01
YI10_QF1_PS[I] =  6.00000000000000000E+001
YI10_QD2_PS[I] = +7.74736040484267079e+01
YI10_QF3_PS[I] = -2.80000000000000000E+002
YI10_TQ4_PS[I] =  1.00000000000000000E+002
YI10_TQ5_PS[I] = +6.50412249919049579e+00
YI10_TQ6_PS[I] = -5.83580288694418670e+00
YI10_QD6_PS[I] =  1.35000000000000000E+002
YI10_QF7_PS[I] = +4.41906966229411864e+02
YI10_QF9_PS[I] = -6.00000000000000000E+001
YI10_Q89_PS[I] = -8.68317190418078866e+01
