IR10_QD1_PS[I] =  8.42166862257351880E+001
IR10_QF2_PS[I] =  4.74636334085366087E+001
IR10_QD3_PS[I] = -2.09783313774264798E+002
IR10_TQ4_PS[I] = -2.08050431725698992E+001
IR10_TQ5_PS[I] =  2.97833137742648155E+001
IR10_TQ6_PS[I] = -1.24190730228123964E+001
IR10_QF6_PS[I] =  8.42166862257351880E+001
IR10_QD7_PS[I] =  8.42166862257351880E+001
IR10_QF8_PS[I] = -7.52166862257351880E+001
IR10_QD9_PS[I] =  2.07783313774264798E+002
