IR10_QD1_PS[I] =  6.00000000000000000E+001
IR10_QF2_PS[I] =  1.40000000000000000E+002
IR10_QD3_PS[I] = -2.80000000000000000E+002
IR10_TQ4_PS[I] = -6.16904400251373417e+01
IR10_TQ5_PS[I] = -5.32349012021673573e+01
IR10_TQ6_PS[I] = +5.86548956324740445e+01
IR10_QF6_PS[I] =  1.50000000000000000E+002
IR10_QD7_PS[I] = +7.23632450280634743e+01
IR10_QF8_PS[I] = -6.00000000000000000E+001
IR10_QD9_PS[I] = -2.78000000000000000E+002
