IR10_QD1_PS = 6.00000000000000000E+001;
IR10_QF2_PS = 1.40000000000000000E+002;
IR10_QD3_PS = -2.80000000000000000E+002;
IR10_TQ4_PS = -3.07725282100797841e+01;
IR10_TQ5_PS = -4.44354605432280962e+01;
IR10_TQ6_PS = +6.52310170452932709e+01;
IR10_QF6_PS = 1.35000000000000000E+002;
IR10_QD7_PS = 5.50000000000000000E+002;
IR10_QF8_PS = -8.44804597729376923e+01;
IR10_QD9_PS = -2.78000000000000000E+002;
