IR10_QD1_PS = +7.42392080342208089e+01;
IR10_QF2_PS = +2.88804842885421493e+01;
IR10_QD3_PS = -2.19760791965779191e+02;
IR10_TQ4_PS = -5.17905878348906068e+00;
IR10_TQ5_PS = +3.97607919657791840e+01;
IR10_TQ6_PS = -3.97607919657791840e+01;
IR10_QF6_PS = +1.28363302265247000e+02;
IR10_QD7_PS = +7.42392080342208089e+01;
IR10_QF8_PS = -8.97607919657791911e+01;
IR10_QD9_PS = +2.17760791965779191e+02;
