IR10_QD1_PS[I] =  6.00000000000000000E+001
IR10_QF2_PS[I] =  1.40000000000000000E+002
IR10_QD3_PS[I] = -2.80000000000000000E+002
IR10_TQ4_PS[I] = -3.07725282100797841e+01
IR10_TQ5_PS[I] = -4.44354605432280962e+01
IR10_TQ6_PS[I] = +6.52310170452932709e+01
IR10_QF6_PS[I] =  1.35000000000000000E+002
IR10_QD7_PS[I] =  5.50000000000000000E+002
IR10_QF8_PS[I] = -8.44804597729376923e+01
IR10_QD9_PS[I] = -2.78000000000000000E+002
