IR10_QD1_PS[I] =  5.36967151927935049E+001
IR10_QF2_PS[I] =  3.00173977630359978E+001
IR10_QD3_PS[I] = -2.40303284807206495E+002
IR10_TQ4_PS[I] = -4.61311222558052592E+001
IR10_TQ5_PS[I] =  6.03032848072064951E+001
IR10_TQ6_PS[I] = -6.03032848072064951E+001
IR10_QF6_PS[I] =  9.52283036534566207E+001
IR10_QD7_PS[I] =  5.36967151927935049E+001
IR10_QF8_PS[I] = -1.10303284807206495E+002
IR10_QD9_PS[I] =  2.38303284807206495E+002
