IR10_QD1_PS[I] = +7.42392080342208089e+01
IR10_QF2_PS[I] = +2.88804842885421493e+01
IR10_QD3_PS[I] = -2.19760791965779191e+02
IR10_TQ4_PS[I] = -5.17905878348906068e+00
IR10_TQ5_PS[I] = +3.97607919657791840e+01
IR10_TQ6_PS[I] = -3.97607919657791840e+01
IR10_QF6_PS[I] = +1.28363302265247000e+02
IR10_QD7_PS[I] = +7.42392080342208089e+01
IR10_QF8_PS[I] = -8.97607919657791911e+01
IR10_QD9_PS[I] = +2.17760791965779191e+02
