IR10_QD1_PS[I] = +7.36669639114584811e+01
IR10_QF2_PS[I] = +3.03505139737095746e+01
IR10_QD3_PS[I] = -2.20333036088541519e+02
IR10_TQ4_PS[I] = -2.19433082087974860e+01
IR10_TQ5_PS[I] = +4.03330360885415189e+01
IR10_TQ6_PS[I] = +5.63742703784610732e+00
IR10_QF6_PS[I] = +7.36669639114584811e+01
IR10_QD7_PS[I] = +7.36669639114584811e+01
IR10_QF8_PS[I] = -6.46669639114584811e+01
IR10_QD9_PS[I] = +2.18333036088541519e+02
