IR10_QD1_PS = +7.36669639114584811e+01;
IR10_QF2_PS = +3.03505139737095746e+01;
IR10_QD3_PS = -2.20333036088541519e+02;
IR10_TQ4_PS = -2.19433082087974860e+01;
IR10_TQ5_PS = +4.03330360885415189e+01;
IR10_TQ6_PS = +5.63742703784610732e+00;
IR10_QF6_PS = +7.36669639114584811e+01;
IR10_QD7_PS = +7.36669639114584811e+01;
IR10_QF8_PS = -6.46669639114584811e+01;
IR10_QD9_PS = +2.18333036088541519e+02;
