IR10_QD1_PS = +7.36669639114584811e+01;
IR10_QF2_PS = +3.03505139737095746e+01;
IR10_QD3_PS = -2.20333036088541519e+02;
IR10_TQ4_PS = -3.07725282100797841e+01;
IR10_TQ5_PS = -4.44354605432280962e+01;
IR10_TQ6_PS = +6.52310170452932709e+01;
IR10_QF6_PS = +7.36669639114584811e+01;
IR10_QD7_PS = +7.36669639114584811e+01;
IR10_QF8_PS = -8.44804597729376923e+01;
IR10_QD9_PS = +2.18333036088541519e+02;
