YO9_QD1_PS[I] =  6.00000000000000000E+001
YO9_QF2_PS[I] =  1.40000000000000000E+002
YO9_QD3_PS[I] = -2.31698717092480877E+002
YO9_TQ4_PS[I] = -2.27489131606349240E+001
YO9_TQ5_PS[I] = -4.41825385275586697E+001
YO9_TQ6_PS[I] =  6.53482320521577407E+001
YO9_QF6_PS[I] =  1.35000000000000000E+002
YO9_QD7_PS[I] =  4.41904881460418380E+002
YO9_QF8_PS[I] = -6.00000000000000000E+001
YO9_QD9_PS[I] = -8.68327768974309322E+001

YI10_QF1_PS[I] =  6.00000000000000000E+001
YI10_QD2_PS[I] =  7.74749561626063326E+001
YI10_QF3_PS[I] = -2.80000000000000000E+002
YI10_TQ4_PS[I] =  1.00000000000000000E+002
YI10_TQ5_PS[I] =  6.50428675139037793E+000
YI10_TQ6_PS[I] = -5.83653765040843009E+000
YI10_QD6_PS[I] =  1.35000000000000000E+002
YI10_QF7_PS[I] =  4.41904881460418380E+002
YI10_Q89_PS[I] = -8.68327768974309322E+001
YI10_QF9_PS[I] = -6.00000000000000000E+001
