B12_Q6_PS = -4.79762114481650457E+001;
B12_Q7_PS = -9.18346293233184525E+001;
B12_Q89_PS =  7.15801328008473803E+001;
BO11_QD1_PS = -4.79762114481650457E+001;
BO11_QF2_PS = -6.36856155535541504E+001;
BO11_QD3_PS =  2.29729077327224985E+002;
BO11_TQ4_PS =  6.16218173749808642E+001;
BO11_TQ5_PS = -3.09197561975144666E+001;
BO11_TQ6_PS = -6.60237885518349543E+001;
BO11_QF8_PS =  1.16023788551834954E+002;
BI12_QF1_PS = -4.79762114481650457E+001;
BI12_QD2_PS = -5.37438550796439785E+001;
BI12_QF3_PS =  2.46023788551834940E+002;
BI12_TQ4_PS = -6.60237885518349543E+001;
BI12_TQ5_PS = -1.94148593288299267E+001;
BI12_TQ6_PS = -6.60237885518349543E+001;
BI12_QF9_PS =  3.89762114481650457E+001;
