B12_Q6_PS = -6.48567186831714082e+01;
B12_Q7_PS = -4.41906966229421698e+02;
B12_Q89_PS = +8.68317190418067639e+01;
BO11_QD1_PS = -6.48567186831714082e+01;
BO11_QF2_PS = -8.91432813168285918e+01;
BO11_QD3_PS = +2.31700703071036571e+02;
BO11_TQ4_PS = +2.27493843585777284e+01;
BO11_TQ5_PS = +4.41818099508942552e+01;
BO11_TQ6_PS = -6.53476578359108942e+01;
BO11_QF8_PS = +5.58567186831714082e+01;
BI12_QF1_PS = -6.48567186831714082e+01;
BI12_QD2_PS = -7.74736040484242920e+01;
BI12_QF3_PS = +2.29143281316828592e+02;
BI12_TQ4_PS = +4.03054935463332313e+01;
BI12_TQ5_PS = -6.50412249919108554e+00;
BI12_TQ6_PS = +5.83580288694489369e+00;
BI12_QF9_PS = +9.91432813168285918e+01;
