B12_Q6_PS[I] = -8.71847197960380100e+01
B12_Q7_PS[I] = -2.71934279848691915e+02
B12_Q89_PS[I] = +2.52384632908333202e+02
BO11_QD1_PS[I] = -1.90000000000000000E+002
BO11_QF2_PS[I] = -1.40000000000000000E+002
BO11_QD3_PS[I] =  6.00000000000000000E+001
BO11_TQ4_PS[I] = -2.05424336811942965e+01
BO11_TQ5_PS[I] = +4.13347086247478046e+01
BO11_TQ6_PS[I] = -4.66931064962616986e+01
BO11_QF8_PS[I] =  6.00000000000000000E+001
BI12_QF1_PS[I] = -1.90000000000000000E+002
BI12_QD2_PS[I] = -1.40000000000000000E+002
BI12_QF3_PS[I] = +1.14642342676906594e+02
BI12_TQ4_PS[I] = -1.00000000000000000E+002
BI12_TQ5_PS[I] = +1.47146457826701322e+01
BI12_TQ6_PS[I] = -2.20144514970351217e+01
BI12_QF9_PS[I] =  6.00000000000000000E+001
