B12_Q6_PS[I] = -4.79762114481650457E+001
B12_Q7_PS[I] = -9.18346293233184525E+001
B12_Q89_PS[I] =  7.15801328008473803E+001
BO11_QD1_PS[I] = -4.79762114481650457E+001
BO11_QF2_PS[I] = -6.36856155535541504E+001
BO11_QD3_PS[I] =  2.29729077327224985E+002
BO11_TQ4_PS[I] =  6.16218173749808642E+001
BO11_TQ5_PS[I] = -3.09197561975144666E+001
BO11_TQ6_PS[I] = -6.60237885518349543E+001
BO11_QF8_PS[I] =  1.16023788551834954E+002
BI12_QF1_PS[I] = -4.79762114481650457E+001
BI12_QD2_PS[I] = -5.37438550796439785E+001
BI12_QF3_PS[I] =  2.46023788551834940E+002
BI12_TQ4_PS[I] = -6.60237885518349543E+001
BI12_TQ5_PS[I] = -1.94148593288299267E+001
BI12_TQ6_PS[I] = -6.60237885518349543E+001
BI12_QF9_PS[I] =  3.89762114481650457E+001
