B12_Q6_PS[I] = -6.02260708859637433E+001
B12_Q7_PS[I] = -1.14787649917884039E+002
B12_Q89_PS[I] =  1.17218782103476883E+002
BO11_QD1_PS[I] = -6.02260708859637433E+001
BO11_QF2_PS[I] = -9.37739291140362496E+001
BO11_QD3_PS[I] =  2.33773929114036264E+002
BO11_TQ4_PS[I] =  2.09884604390905345E+001
BO11_TQ5_PS[I] =  2.77792728384030845E+001
BO11_TQ6_PS[I] = -5.37739291140362567E+001
BO11_QF8_PS[I] =  5.12260708859637433E+001
BI12_QF1_PS[I] = -6.02260708859637433E+001
BI12_QD2_PS[I] = -7.90923164690334062E+001
BI12_QF3_PS[I] =  2.33773929114036264E+002
BI12_TQ4_PS[I] =  6.63823908325334244E+000
BI12_TQ5_PS[I] = -4.35200575043171511E+001
BI12_TQ6_PS[I] =  5.37739291140362567E+001
BI12_QF9_PS[I] =  1.03773929114036250E+002
