B12_Q6_PS[I] = +2.08804665514923471e+01
B12_Q7_PS[I] = -3.84806570952645814e+02
B12_Q89_PS[I] = +1.43219865839637954e+01
BO11_QD1_PS[I] = -1.90000000000000000E+002
BO11_QF2_PS[I] = -1.40000000000000000E+002
BO11_QD3_PS[I] =  6.00000000000000000E+001
BO11_TQ4_PS[I] = -1.34546170021553113e+01
BO11_TQ5_PS[I] = +3.99543790298154065e+01
BO11_TQ6_PS[I] = -4.03896558214292156e+01
BO11_QF8_PS[I] =  6.00000000000000000E+001
BI12_QF1_PS[I] = -1.90000000000000000E+002
BI12_QD2_PS[I] = -1.40000000000000000E+002
BI12_QF3_PS[I] = +9.88419912365932163e+01
BI12_TQ4_PS[I] = -1.00000000000000000E+002
BI12_TQ5_PS[I] = +1.34362059643089378e+01
BI12_TQ6_PS[I] = -1.39851767610779785e+01
BI12_QF9_PS[I] =  6.00000000000000000E+001
