B12_Q6_PS = -4.64897090528323460e+01;
B12_Q7_PS = -1.74705366308960407e+02;
B12_Q89_PS = +1.10358059684145204e+02;
BO11_QD1_PS = -4.64897090528323460e+01;
BO11_QF2_PS = -6.44607047762560086e+01;
BO11_QD3_PS = +2.38128214464306865e+02;
BO11_TQ4_PS = +6.60993880260229645e+01;
BO11_TQ5_PS = -3.13089705767686119e+01;
BO11_TQ6_PS = -6.75102909471676469e+01;
BO11_QF8_PS = +1.17510290947167647e+02;
BI12_QF1_PS = -4.64897090528323460e+01;
BI12_QD2_PS = -4.83069102377223629e+01;
BI12_QF3_PS = +2.47510290947167647e+02;
BI12_TQ4_PS = -6.75102909471676469e+01;
BI12_TQ5_PS = -2.53289806747673758e+01;
BI12_TQ6_PS = -6.75102909471676469e+01;
BI12_QF9_PS = +3.74897090528323460e+01;
