B12_Q6_PS = -6.48567186831714082e+01;
B12_Q7_PS = -7.37325599938659195e+01;
B12_Q89_PS = +2.16630102282055191e+02;
BO11_QD1_PS = -6.48567186831714082e+01;
BO11_QF2_PS = -8.91432813168285918e+01;
BO11_QD3_PS = +2.29143281316828592e+02;
BO11_TQ4_PS = +2.82021856757754001e+01;
BO11_TQ5_PS = +5.77291971021192740e+00;
BO11_TQ6_PS = -4.91432813168285918e+01;
BO11_QF8_PS = +5.58567186831714082e+01;
BI12_QF1_PS = -6.48567186831714082e+01;
BI12_QD2_PS = -8.79001511034094278e+01;
BI12_QF3_PS = +2.29143281316828592e+02;
BI12_TQ4_PS = +4.03054935463332313e+01;
BI12_TQ5_PS = -5.15995249206891060e+01;
BI12_TQ6_PS = +4.91432813168285918e+01;
BI12_QF9_PS = +9.91432813168285918e+01;
