B12_Q6_PS[I] = -8.17278389838473487e+01
B12_Q7_PS[I] = -2.61621913779798803e+01
B12_Q89_PS[I] = +1.85337535994816562e+02
BO11_QD1_PS[I] = -1.90000000000000000E+002
BO11_QF2_PS[I] = -1.40000000000000000E+002
BO11_QD3_PS[I] =  6.00000000000000000E+001
BO11_TQ4_PS[I] = -2.54893324239714794e+01
BO11_TQ5_PS[I] = +4.02309652011254428e+01
BO11_TQ6_PS[I] = -4.21237211614295433e+01
BO11_QF8_PS[I] =  6.00000000000000000E+001
BI12_QF1_PS[I] = -1.90000000000000000E+002
BI12_QD2_PS[I] = -1.40000000000000000E+002
BI12_QF3_PS[I] = +1.00940935525889188e+02
BI12_TQ4_PS[I] = -1.00000000000000000E+002
BI12_TQ5_PS[I] = +2.02468268753521095e+01
BI12_TQ6_PS[I] = -2.04991358464848297e+01
BI12_QF9_PS[I] =  6.00000000000000000E+001
