Y2_Q6_PS[I] =  1.35000000000000000E+002
Y2_Q7_PS[I] = +4.41906966229411864e+02
Y2_Q89_PS[I] = -8.68317190418078866e+01
YO1_QD1_PS[I] =  6.00000000000000000E+001
YO1_QF2_PS[I] =  1.40000000000000000E+002
YO1_QD3_PS[I] = -2.31700703071023298e+02
YO1_TQ4_PS[I] = -2.27493843585765312e+01
YO1_TQ5_PS[I] = -4.41818099508952429e+01
YO1_TQ6_PS[I] = +6.53476578359127700e+01
YO1_QF8_PS[I] = -6.00000000000000000E+001
YI3_QF1_PS[I] =  6.00000000000000000E+001
YI3_QD2_PS[I] = +7.74736040484267079e+01
YI3_QF3_PS[I] = -2.80000000000000000E+002
YI3_TQ4_PS[I] =  1.00000000000000000E+002
YI3_TQ5_PS[I] = +6.50412249919049579e+00
YI3_TQ6_PS[I] = -5.83580288694418670e+00
YI3_QF9_PS[I] = -6.00000000000000000E+001
