h01o_tq04_i[i] = 0
h02_tq04_i[i] = 0
YO1_QD1_I[I] =  4.38251760630771059E+003
YO1_QF2_I[I] = -5.51144717976556967E+003
YO1_QD3_I[I] = 6000
H01O_Q04_I[I] =  5.01861055846193540E+003
H01O_Q05_I[I] = -4.19068567328898007E+003
H01O_Q06_I[I] =  2.99995708834429161E+003
H01O_Q07_I[I] = -1.76710970901504220E+003
H01O_Q08_I[I] =  2.87188371557761184E+003
YI2_QF1_I[I] = 6000
YI2_QD2_I[I] = -5.83052908928168563E+003
YI2_QF3_I[I] =  5.48724918307725511E+003
H02_Q04_I[I] = 5500
H02_Q05_I[I] = -4.79791459639172535E+003
H02_Q06_I[I] =  2.78650890117654581E+003
H02_Q07_I[I] = -3.02724214695732690E+003
