IR2_Q1_I[I] = +4.77855367018679499e+03
IR2_Q2_I[I] = -2.28562035958011677e+02
IR2_Q3_I[I] = -3.31312605658668826e+03
IR2_Q4_I[I] = +5.29242013949581906e+03
IR2_Q5_I[I] = -1.58780097281076155e+03
IR2_Q6_I[I] = +5.14519542298532360e+03
IR2_Q7_I[I] = -5.91874288798859743e+03
IR2_Q8_I[I] = +7.94797366344320835e+02
IR2_Q9_I[I] = +3.12399415672994382e+03
