IR2_Q1_I = -3.19401323944533715e+01;
IR2_Q2_I = +2.67258108189583299e+03;
IR2_Q3_I = -1.93294594455053834e+03;
IR2_Q4_I = -3.39607414656230185e+03;
IR2_Q5_I = +2.88064090718335410e+03;
IR2_Q6_I = +4.84793446432323344e+03;
IR2_Q7_I = -5.68471482279779229e+03;
IR2_Q8_I = +4.47028158667970388e+02;
IR2_Q9_I = +3.39167076610671074e+03;
