h01o_tq04_i[i] = 50
h02_tq04_i[i] = 0
BI1_QF1_I[I] = -5.56491299820166569E+003
BI1_QD2_I[I] =  5.80000000000000000E+003
BI1_QF3_I[I] = -5.80000000000000000E+003
H01O_Q04_I[I] =  5.74238186706695706E+003
H01O_Q05_I[I] = -5.07525370215989733E+003
H01O_Q06_I[I] =  3.73283145293970028E+003
H01O_Q07_I[I] = -2.45889812671139134E+003
H01O_Q08_I[I] =  3.24287794758087193E+003
YI2_QF1_I[I] =  5.80000000000000000E+003
YI2_QD2_I[I] = -5.80000000000000000E+003
YI2_QF3_I[I] =  5.70947913922572297E+003
H02_Q04_I[I] =  3.04061384572870656E+003
H02_Q05_I[I] =  4.95983202371661355E+003
H02_Q06_I[I] = -4.11375685961551608E+003
H02_Q07_I[I] = -1.07213275875935551E+003
