IR2_Q1_I[I] = -2.83127972113556041E+002
IR2_Q2_I[I] =  2.82049470082744392E+003
IR2_Q3_I[I] = -1.86407992614843147E+003
IR2_Q4_I[I] = -3.58115291492513597E+003
IR2_Q5_I[I] =  2.98335653936574818E+003
IR2_Q6_I[I] =  4.79929596163275255E+003
IR2_Q7_I[I] = -5.68159711548991527E+003
IR2_Q8_I[I] =  5.73986603097299394E+002
IR2_Q9_I[I] =  3.31360504881907764E+003
