h01o_tq04_i[i] = +150
h01o_tq05_i[i] = -100
h01o_tq06_i[i] = +100
h02_tq04_i[i] = +150
h02_tq05_i[i] = 0
YO1_QD1_I[I] =  3.62203197987321664E+003
YO1_QF2_I[I] = -5.03548898714370989E+003
YO1_QD3_I[I] =  6.00000000000000000E+003
H01O_Q04_I[I] =  6.00000000000000000E+003
H01O_Q05_I[I] = -4.24151245252274202E+003
H01O_Q06_I[I] =  2.87430090602826522E+003
H01O_Q07_I[I] = -2.30786034092315413E+003
H01O_Q08_I[I] =  3.61901294967596959E+003
YI2_QF1_I[I] =  6.00000000000000000E+003
YI2_QD2_I[I] = -5.76482375551674340E+003
YI2_QF3_I[I] =  5.45680144284678136E+003
H02_Q04_I[I] =  5.75539059713809365E+003
H02_Q05_I[I] = -3.74607416121158758E+003
H02_Q06_I[I] =  5.24760726742038059E+003
H02_Q07_I[I] = -2.80655289986439129E+003
