IR2_Q1_I[I] = +4.87977350084189402e+03
IR2_Q2_I[I] = -1.27926222800145737e+02
IR2_Q3_I[I] = -3.26711821248643218e+03
IR2_Q4_I[I] = +5.37346355639496869e+03
IR2_Q5_I[I] = -1.72311313217943984e+03
IR2_Q6_I[I] = +5.05335247412122317e+03
IR2_Q7_I[I] = -5.86236453830809114e+03
IR2_Q8_I[I] = +5.89639832533893241e+02
IR2_Q9_I[I] = +3.11436519040743497e+03
