BI1_QF1_I[I] =  6.28766556547077198E+003
BI1_QD2_I[I] = -5.94204732396907639E+003
BI1_QF3_I[I] =  8.51365353163248801E+003
H01O_Q5_I[I] =  3.11201315072763327E+003
H01O_Q6_I[I] = -1.15308134982816209E+004
H01O_Q7_I[I] =  8.19314667868219658E+003
H01O_Q8_I[I] =  4.96255330504705216E+003
YI2_QF1_I[I] = -6.91868031156248253E+003
YI2_QD2_I[I] =  6.06559251702832898E+003
YI2_QF3_I[I] = -8.31336063947457296E+003
H02_Q5_I[I] =  1.01583171133193428E+004
H02_Q6_I[I] = -6.71782300380172182E+003
H02_Q7_I[I] = -6.24287078379737522E+003
H01O_TQ5_I[I] =  5.52193914181641048E+002
H01O_TQ6_I[I] =  4.95281137152671420E+002
H01O_TQ7_I[I] = -4.00645016289359035E+002
H01O_TQ8_I[I] = -2.82125072796616962E+002
H02_TQ5_I[I] = -4.56293272133102732E+002
H02_TQ6_I[I] =  4.74567717129076982E+002
H02_TQ7_I[I] =  4.60932501797208715E+002
