IR2_Q1_I[I] = -1.36733148306572332e+02
IR2_Q2_I[I] = +2.73856754144417027e+03
IR2_Q3_I[I] = -1.90809715309158992e+03
IR2_Q4_I[I] = -3.47225076827530984e+03
IR2_Q5_I[I] = +2.92470111308237210e+03
IR2_Q6_I[I] = +4.79100423487733588e+03
IR2_Q7_I[I] = -5.68095416757766998e+03
IR2_Q8_I[I] = +5.95904607440579298e+02
IR2_Q9_I[I] = +3.26218810929418214e+03
