BI1_QF1_I[I] =  6.89933557766757531E+003
BI1_QD2_I[I] = -5.32380773848556055E+003
BI1_QF3_I[I] =  5.52923440716331334E+003
H01O_Q04_I[I] =  4.64764250508003443E+001
H01O_Q05_I[I] =  7.64008220625989725E+003
H01O_Q06_I[I] = -5.14103877119972185E+003
H01O_Q07_I[I] =  4.58106700011132580E+003
H01O_Q08_I[I] =  1.59048033709916149E+003
YI2_QF1_I[I] = -6.94622272929474184E+003
YI2_QD2_I[I] =  5.78873644770170904E+003
YI2_QF3_I[I] = -7.06650252250665380E+003
H02_Q04_I[I] =  1.75250370137019877E+003
H02_Q05_I[I] =  6.97040504368712845E+003
H02_Q06_I[I] = -5.02512011943453399E+003
H02_Q07_I[I] = -4.93061471973028489E+001
