YO1_QD1_I[I] =  6.42218595599705714E+003
YO1_QF2_I[I] = -5.50224211858717899E+003
YO1_QD3_I[I] =  4.40164113991693375E+003
H01O_Q04_I[I] =  7.91188847256633017E+003
H01O_Q05_I[I] = -5.99406699717363426E+003
H01O_Q06_I[I] =  4.58895746495652293E+003
H01O_Q07_I[I] = -4.74236657486415061E+003
H01O_Q08_I[I] =  6.68877048143321554E+003
YI2_QF1_I[I] =  6.36460289127187116E+003
YI2_QD2_I[I] = -5.21227705329249511E+003
YI2_QF3_I[I] =  3.89577690711688456E+003
H02_Q04_I[I] =  4.06573245717871714E+002
H02_Q05_I[I] =  4.61288011078176987E+003
H02_Q06_I[I] = -4.17653077134275463E+003
H02_Q07_I[I] = -4.12603624987337412E+002
