h01o_tq04_i[i] = 0
h02_tq04_i[i] = 0
YO1_QD1_I[I] =  5.48300133029759400E+003
YO1_QF2_I[I] = -5.80000000000000000E+003
YO1_QD3_I[I] =  5.80000000000000000E+003
H01O_Q04_I[I] =  5.24405656098027248E+003
H01O_Q05_I[I] = -1.24357735123655721E+003
H01O_Q06_I[I] = -3.33663656655070736E+003
H01O_Q07_I[I] =  4.44857316941545741E+003
H01O_Q08_I[I] =  8.59001835798691218E+002
YI2_QF1_I[I] =  5.80000000000000000E+003
YI2_QD2_I[I] = -5.49082884976170772E+003
YI2_QF3_I[I] =  5.13938763485703385E+003
H02_Q04_I[I] =  2.40931343521992358E+003
H02_Q05_I[I] =  5.80000000000000000E+003
H02_Q06_I[I] = -4.44388313014388677E+003
H02_Q07_I[I] = -5.40085881460411429E+002
