h01o_tq04_i[i] = 0
h02_tq04_i[i] = 0
YO1_QD1_I[I] =  4.49904092371576462E+003
YO1_QF2_I[I] = -5.50851171148889534E+003
YO1_QD3_I[I] =  6.00000000000000000E+003
H01O_Q04_I[I] =  5.01991635983921515E+003
H01O_Q05_I[I] = -4.09292177148408291E+003
H01O_Q06_I[I] =  3.13977038782786622E+003
H01O_Q07_I[I] = -2.24366336466384701E+003
H01O_Q08_I[I] =  3.02810609130759713E+003
YI2_QF1_I[I] =  6.00000000000000000E+003
YI2_QD2_I[I] = -5.68249752432748119E+003
YI2_QF3_I[I] =  5.44094673064059134E+003
H02_Q04_I[I] =  6.04012143096817999E+003
H02_Q05_I[I] = -3.21372206918939946E+003
H02_Q06_I[I] =  3.89873166116688162E+003
H02_Q07_I[I] = -3.36906376084164458E+003
