IR2_Q1_I[I] = +4.90194434737727897e+03
IR2_Q2_I[I] = -1.77940671465539111e+02
IR2_Q3_I[I] = -3.27807302370316756e+03
IR2_Q4_I[I] = +5.32256888613240790e+03
IR2_Q5_I[I] = -1.66757101904734941e+03
IR2_Q6_I[I] = +5.04970215092648687e+03
IR2_Q7_I[I] = -5.81693484707206881e+03
IR2_Q8_I[I] = +4.43764414976732667e+02
IR2_Q9_I[I] = +3.22993450024576805e+03
