h01o_tq04_i[i] = +150
h01o_tq05_i[i] = -100
h01o_tq06_i[i] = +100
h02_tq04_i[i] = 0
h02_tq05_i[i] = 0
YO1_QD1_I[I] =  6.00000000000000000E+003
YO1_QF2_I[I] = -5.80481394483755594E+003
YO1_QD3_I[I] =  5.16448935895667728E+003
H01O_Q04_I[I] =  6.00000000000000000E+003
H01O_Q05_I[I] = -4.91855925936344465E+003
H01O_Q06_I[I] =  4.96116539153084432E+003
H01O_Q07_I[I] = -4.98069264761761679E+003
H01O_Q08_I[I] =  6.00000000000000000E+003
YI2_QF1_I[I] =  6.00000000000000000E+003
YI2_QD2_I[I] = -5.26700419682733627E+003
YI2_QF3_I[I] =  4.23130898180842723E+003
H02_Q04_I[I] =  6.72852589106707089E-001
H02_Q05_I[I] =  4.28620033253605743E+003
H02_Q06_I[I] = -3.72045011272371130E+003
H02_Q07_I[I] = -1.58225993487676328E+003
