h01o_tq04_i[i] = 0
h02_tq04_i[i] = 0
YO1_QD1_I[I] =  5.45259623373082468E+003
YO1_QF2_I[I] = -5.80000000000000000E+003
YO1_QD3_I[I] =  5.80000000000000000E+003
H01O_Q04_I[I] =  5.29786444643524464E+003
H01O_Q05_I[I] = -1.40694280420069458E+003
H01O_Q06_I[I] = -3.24898180858796331E+003
H01O_Q07_I[I] =  4.58591195698992215E+003
H01O_Q08_I[I] =  8.48179667410197226E+002
YI2_QF1_I[I] =  5.70293775002549955E+003
YI2_QD2_I[I] = -5.64701104378980381E+003
YI2_QF3_I[I] =  5.44174764863420751E+003
H02_Q04_I[I] =  3.31019273708952460E+003
H02_Q05_I[I] =  4.37361007116062228E+003
H02_Q06_I[I] = -4.28568047235346512E+003
H02_Q07_I[I] = -5.10401708733348300E+002
