h01o_tq04_i[i] = 0
h01o_tq05_i[i] = 0
h01o_tq06_i[i] = 0
h02_tq04_i[i] = 0
YO1_QD1_I[I] =  4.52358690881630719E+003
YO1_QF2_I[I] = -5.51931797863882821E+003
YO1_QD3_I[I] =  6.00000000000000000E+003
H01O_Q04_I[I] =  5.02380369127296035E+003
H01O_Q05_I[I] = -4.08282202041518121E+003
H01O_Q06_I[I] =  3.03673329955674899E+003
H01O_Q07_I[I] = -2.24742895920397768E+003
H01O_Q08_I[I] =  3.02397056171707072E+003
YI2_QF1_I[I] =  6.00000000000000000E+003
YI2_QD2_I[I] = -5.68388689179122775E+003
YI2_QF3_I[I] =  5.47361828833916934E+003
H02_Q04_I[I] =  6.03367161109543940E+003
H02_Q05_I[I] = -3.18381815437865407E+003
H02_Q06_I[I] =  3.90548611241759227E+003
H02_Q07_I[I] = -3.46285443016005365E+003
