IR2_Q1_I[I] = +4.85480989293040875e+03
IR2_Q2_I[I] = -1.28828054753230219e+02
IR2_Q3_I[I] = -3.27738644926420648e+03
IR2_Q4_I[I] = +5.36453585051861774e+03
IR2_Q5_I[I] = -1.70546456363510219e+03
IR2_Q6_I[I] = +5.06374077868402310e+03
IR2_Q7_I[I] = -5.87284381610599121e+03
IR2_Q8_I[I] = +6.45142620477755827e+02
IR2_Q9_I[I] = +3.09697675287602760e+03
