YI3_QD6_PS[I] =  4.79762151498938962E+001
YI3_QF7_PS[I] =  9.18259274185159313E+001
Y4_Q89_PS[I] = -7.15803806952264239E+001
YI3_QF1_PS[I] =  4.79762151498938962E+001
YI3_QD2_PS[I] =  5.37351561696481710E+001
YI3_QF3_PS[I] = -2.46023784850106097E+002
YI3_TQ4_PS[I] =  6.60237848501061109E+001
YI3_TQ5_PS[I] =  1.94140646361852696E+001
YI3_TQ6_PS[I] =  6.60237848501061109E+001
YI3_QF9_PS[I] = -3.89762151498938891E+001
YO4_QD1_PS[I] =  4.79762151498938962E+001
YO4_QF2_PS[I] =  6.36977965841742702E+001
YO4_QD3_PS[I] = -2.29740843277628841E+002
YO4_TQ4_PS[I] = -6.16198597738949516E+001
YO4_TQ5_PS[I] =  3.09181938902540416E+001
YO4_TQ6_PS[I] =  6.60237848501061109E+001
YO4_QF8_PS[I] = -1.16023784850106111E+002
YO4_QF6_PS[I] = YI3_QD6_PS[I]
YO4_QD7_PS[I] = YI3_QF7_PS[I]
