YI3_QD6_PS = +4.64895994202713112e+01;
YI3_QF7_PS = +1.74696516781647375e+02;
Y4_Q89_PS = -1.10357881830496936e+02;
YI3_QF1_PS = +4.64895994202713112e+01;
YI3_QD2_PS = +4.82984885142569524e+01;
YI3_QF3_PS = -2.47510400579728696e+02;
YI3_TQ4_PS = +6.75104005797286959e+01;
YI3_TQ5_PS = +2.53280345314939197e+01;
YI3_TQ6_PS = +6.75104005797286959e+01;
YI3_QF9_PS = -3.74895994202713112e+01;
YO4_QD1_PS = +4.64895994202713112e+01;
YO4_QF2_PS = +6.44728975424038850e+01;
YO4_QD3_PS = -2.38139622509630527e+02;
YO4_TQ4_PS = -6.60974692769325145e+01;
YO4_TQ5_PS = +3.13074524028809940e+01;
YO4_TQ6_PS = +6.75104005797286959e+01;
YO4_QF8_PS = -1.17510400579728696e+02;
YO4_QF6_PS = YI3_QD6_PS;
YO4_QD7_PS = YI3_QF7_PS;
