YI3_QD6_PS = 1.35000000000000000E+002;
YI3_QF7_PS = +4.41902614295850412e+02;
Y4_Q89_PS = -8.68249845211824436e+01;
YI3_QF1_PS = 6.00000000000000000E+001;
YI3_QD2_PS = +7.74634437825926909e+01;
YI3_QF3_PS = -2.80000000000000000E+002;
YI3_TQ4_PS = 1.00000000000000000E+002;
YI3_TQ5_PS = +6.50174082879758775e+00;
YI3_TQ6_PS = -5.83574873964225826e+00;
YI3_QF9_PS = -6.00000000000000000E+001;
YO4_QD1_PS = 6.00000000000000000E+001;
YO4_QF2_PS = 1.40000000000000000E+002;
YO4_QD3_PS = -2.31713890423506541e+02;
YO4_TQ4_PS = -2.27454761721983445e+01;
YO4_TQ5_PS = -4.41816461245541703e+01;
YO4_TQ6_PS = +6.53413994170753654e+01;
YO4_QF8_PS = -6.00000000000000000E+001;
YO4_QF6_PS := YI3_QD6_PS;
YO4_QD7_PS := YI3_QF7_PS;
