YI3_QD6_PS[I] = +4.64895994202713112e+01
YI3_QF7_PS[I] = +1.74696516781647375e+02
Y4_Q89_PS[I] = -1.10357881830496936e+02
YI3_QF1_PS[I] = +4.64895994202713112e+01
YI3_QD2_PS[I] = +4.82984885142569524e+01
YI3_QF3_PS[I] = -2.47510400579728696e+02
YI3_TQ4_PS[I] = +6.75104005797286959e+01
YI3_TQ5_PS[I] = +2.53280345314939197e+01
YI3_TQ6_PS[I] = +6.75104005797286959e+01
YI3_QF9_PS[I] = -3.74895994202713112e+01
YO4_QD1_PS[I] = +4.64895994202713112e+01
YO4_QF2_PS[I] = +6.44728975424038850e+01
YO4_QD3_PS[I] = -2.38139622509630527e+02
YO4_TQ4_PS[I] = -6.60974692769325145e+01
YO4_TQ5_PS[I] = +3.13074524028809940e+01
YO4_TQ6_PS[I] = +6.75104005797286959e+01
YO4_QF8_PS[I] = -1.17510400579728696e+02
YO4_QF6_PS[I] = YI3_QD6_PS[I]
YO4_QD7_PS[I] = YI3_QF7_PS[I]
