YI3_QD6_PS[I] = +8.74221431254315604e+01
YI3_QF7_PS[I] = +2.71705122586568166e+02
Y4_Q89_PS[I] = -2.52279025240773251e+02
YI3_QF1_PS[I] =  1.90000000000000000E+002
YI3_QD2_PS[I] =  1.40000000000000000E+002
YI3_QF3_PS[I] = -1.14608549556883105e+02
YI3_TQ4_PS[I] =  1.00000000000000000E+002
YI3_TQ5_PS[I] = -1.47575558203857735e+01
YI3_TQ6_PS[I] = +2.20507648347308027e+01
YI3_QF9_PS[I] = -6.00000000000000000E+001
YO4_QD1_PS[I] =  1.90000000000000000E+002
YO4_QF2_PS[I] =  1.40000000000000000E+002
YO4_QD3_PS[I] = -6.00000000000000000E+001
YO4_TQ4_PS[I] = +2.05973837748344195e+01
YO4_TQ5_PS[I] = -4.13263132264261230e+01
YO4_TQ6_PS[I] = +4.66928778101518063e+01
YO4_QF8_PS[I] = -6.00000000000000000E+001
YO4_QF6_PS[I] = YI3_QD6_PS[I]
YO4_QD7_PS[I] = YI3_QF7_PS[I]
