YI3_QD6_PS[I] = 1.35000000000000000E+002
YI3_QF7_PS[I] =  3.92403545866025070E+002
Y4_Q89_PS[I] = -2.53818868930230281E+002
YI3_QF1_PS[I] =  6.00000000000000000E+001
YI3_QD2_PS[I] =  5.44492327665076701E+001
YI3_QF3_PS[I] = -2.80000000000000000E+002
YI3_TQ4_PS[I] =  1.00000000000000000E+002
YI3_TQ5_PS[I] =  3.64315007713134662E+001
YI3_TQ6_PS[I] = -2.56744746559422765E+001
YI3_QF9_PS[I] = -6.00000000000000000E+001
YO4_QD1_PS[I] =  6.00000000000000000E+001
YO4_QF2_PS[I] =  1.40000000000000000E+002
YO4_QD3_PS[I] = -2.15947357268591958E+002
YO4_TQ4_PS[I] = -4.45085010450161036E+001
YO4_TQ5_PS[I] = -5.99662219672301404E+001
YO4_TQ6_PS[I] =  6.39946195503551607E+001
YO4_QF8_PS[I] = -6.00000000000000000E+001
YO4_QF6_PS[I] = YI3_QD6_PS[I]
YO4_QD7_PS[I] = YI3_QF7_PS[I]
