YI3_QD6_PS = +6.48535618684760209e+01;
YI3_QF7_PS = +7.37325019675519684e+01;
Y4_Q89_PS = -2.16622875885099091e+02;
YI3_QF1_PS = +6.48535618684760209e+01;
YI3_QD2_PS = +8.78791990249986839e+01;
YI3_QF3_PS = -2.29146438131523979e+02;
YI3_TQ4_PS = -4.03090413811339943e+01;
YI3_TQ5_PS = +5.16012815974210994e+01;
YI3_TQ6_PS = -4.91464381315239862e+01;
YI3_QF9_PS = -9.91464381315239791e+01;
YO4_QD1_PS = +6.48535618684760209e+01;
YO4_QF2_PS = +8.91464381315239791e+01;
YO4_QD3_PS = -2.29146438131523979e+02;
YO4_TQ4_PS = -2.81993925043373999e+01;
YO4_TQ5_PS = -5.77666645940696633e+00;
YO4_TQ6_PS = +4.91464381315239862e+01;
YO4_QF8_PS = -5.58535618684760138e+01;
YO4_QF6_PS = YI3_QD6_PS;
YO4_QD7_PS = YI3_QF7_PS;
