YI3_QD6_PS[I] = +8.19970687676858745e+01
YI3_QF7_PS[I] = +2.59041089628276531e+01
Y4_Q89_PS[I] = -1.85217771166252078e+02
YI3_QF1_PS[I] =  1.90000000000000000E+002
YI3_QD2_PS[I] =  1.40000000000000000E+002
YI3_QF3_PS[I] = -1.00914018193185072e+02
YI3_TQ4_PS[I] =  1.00000000000000000E+002
YI3_TQ5_PS[I] = -2.02918361780749272e+01
YI3_TQ6_PS[I] = +2.05368001009869481e+01
YI3_QF9_PS[I] = -6.00000000000000000E+001
YO4_QD1_PS[I] =  1.90000000000000000E+002
YO4_QF2_PS[I] =  1.40000000000000000E+002
YO4_QD3_PS[I] = -6.00000000000000000E+001
YO4_TQ4_PS[I] = +2.55512774537698633e+01
YO4_TQ5_PS[I] = -4.02259511271851267e+01
YO4_TQ6_PS[I] = +4.21266130336331273e+01
YO4_QF8_PS[I] = -6.00000000000000000E+001
YO4_QF6_PS[I] = YI3_QD6_PS[I]
YO4_QD7_PS[I] = YI3_QF7_PS[I]
