YI3_QD6_PS[I] = -2.05994101878294451e+01
YI3_QF7_PS[I] = +3.84549083033966383e+02
Y4_Q89_PS[I] = -1.41858083625735940e+01
YI3_QF1_PS[I] =  1.90000000000000000E+002
YI3_QD2_PS[I] =  1.40000000000000000E+002
YI3_QF3_PS[I] = -9.88176478716102480e+01
YI3_TQ4_PS[I] =  1.00000000000000000E+002
YI3_TQ5_PS[I] = -1.34885902264409072e+01
YI3_TQ6_PS[I] = +1.40264084750855567e+01
YI3_QF9_PS[I] = -6.00000000000000000E+001
YO4_QD1_PS[I] =  1.90000000000000000E+002
YO4_QF2_PS[I] =  1.40000000000000000E+002
YO4_QD3_PS[I] = -6.00000000000000000E+001
YO4_TQ4_PS[I] = +1.35256295156744617e+01
YO4_TQ5_PS[I] = -3.99461376479762009e+01
YO4_TQ6_PS[I] = +4.03937167577579714e+01
YO4_QF8_PS[I] = -6.00000000000000000E+001
YO4_QF6_PS[I] = YI3_QD6_PS[I]
YO4_QD7_PS[I] = YI3_QF7_PS[I]
