YI3_QD6_PS[I] =  6.02226593510249302E+001
YI3_QF7_PS[I] =  1.14788305242852246E+002
Y4_Q89_PS[I] = -1.17212086628959455E+002
YI3_QF1_PS[I] =  6.02226593510249302E+001
YI3_QD2_PS[I] =  7.90727709350491637E+001
YI3_QF3_PS[I] = -2.33777340648975070E+002
YI3_TQ4_PS[I] = -6.64118099041350796E+000
YI3_TQ5_PS[I] =  4.35217574405182361E+001
YI3_TQ6_PS[I] = -5.37773406489750769E+001
YI3_QF9_PS[I] = -1.03777340648975070E+002
YO4_QD1_PS[I] =  6.02226593510249302E+001
YO4_QF2_PS[I] =  9.37773406489750698E+001
YO4_QD3_PS[I] = -2.33777340648975070E+002
YO4_TQ4_PS[I] = -2.09861428276787017E+001
YO4_TQ5_PS[I] = -2.77828471616612411E+001
YO4_TQ6_PS[I] =  5.37773406489750769E+001
YO4_QF8_PS[I] = -5.12226593510249231E+001
YO4_QF6_PS[I] = YI3_QD6_PS[I]
YO4_QD7_PS[I] = YI3_QF7_PS[I]
