Q1APF[K1] = -9.04755768790569403E-002
Q1BPF[K1] = -5.23786381987533939E-002
Q2PF[K1] =  3.75817524064124900E-002
Q3PF[K1] =  1.05641926753392689E-002
YI6_QD2_I[I] = +3.14019311103662176e+03
BO3_QF8_I[I] =  6.14631103152423748E+003
YO5_QF4_I[I] =  5.74299579042363894E+003
BI5_QD8_I[I] = +3.88850163103739214e+03
YO5_QD7_I[I] = +4.29153684621408502e+03
YO5_QF8_I[I] = -3.30369113984188743e+03
YO5_QD9_I[I] = +6.43023271528397231e+02
H5_Q11_I[I] = +1.60789569816907988e+03
yo5_tq4_i[i] = +150
Q1APR[K1] = -8.54413478450078978E-002
Q1BPR[K1] = -7.87605005181164636E-002
Q2PR[K1] =  2.85199053033154681E-002
Q3PR[K1] =  5.91039849928706382E-003
Q4PR[K1] = +2.65648942730147795e-02
Q5PR[K1] = -7.38290911013516210e-02
YI6_QD4_I[I] = +5.84245021148002706e+03
YI6_QF5_I[I] = -5.99887618199238932E+003
YI6_QD6_I[I] = +5.61993809138028155e+03
YI6_QF7_I[I] = -3.77543422812398285e+03
YI6_QD8_I[I] = -1.44893273819734873e+03
YI6_QF9_I[I] =  5.90897155073956310E+003
yi6_tq4_i[i] = +150
yi6_tq5_i[i] = -75
yi6_tq6_i[i] = +75
B0APF[DB_FIELD] =  3.29746988416201692E+000
B1PF[DB_FIELD] =  3.40033612135244701E+000
