Q1APF[K1] = -9.03502993316092490E-02
Q1BPF[K1] = -5.23061118047966900E-02
Q2PF[K1] =  3.75507198128831043E-002
Q3PF[K1] =  1.05945738780009024E-002
YI6_QD2_I[I] =  2.48469555272581420E+003
BO3_QF8_I[I] =  5.90996888326642784E+003
YO5_QF4_I[I] =  5.95432459804608152E+003
BI5_QD8_I[I] = -1.19956034899834458E+003
YO5_QD7_I[I] = -4.98549493656646337E+003
YO5_QF8_I[I] =  6.59816893789919777E+003
YO5_QD9_I[I] = -4.78500419513119959E+003
H5_Q11_I[I] = -2.07532297624489456E+003
yo5_tq4_i[i] = +150
Q1APR[K1] =  -8.30555376631274267E-002
Q1BPR[K1] = Q1APR[K1]
Q2PR[K1] =  2.86643487305128647E-002
H6_Q3[K1] =  1.21187009595471948E-002
H6_Q04_I[I] = -1.79018861580863791E+003
H6_Q05_I[I] =  4.97676836695732618E+003
H6_Q06_I[I] = -3.82529668677563359E+003
H6_Q07_I[I] =  5.24851079763436792E+003
H6_Q08_I[I] = -4.33280903543076874E+003
H6_Q09_I[I] =  3.79033893746144531E+003
H6_Q10_I[I] = -5.89080239547107158E+003
h6_tq05_i[i] = 100
h6_tq06_i[i] = -150
B0APF[DB_FIELD] =  3.29578307545139282E+000
B1PF[DB_FIELD] =  3.40056418388938253E+000
