Q1APF[K1] = -9.08959470528146046E-02
Q1BPF[K1] = -5.26220013029227440E-02
Q2PF[K1] =  3.76850746273477283E-002
Q3PF[K1] =  1.04675342679499024E-002
YI6_QD2_I[I] =  2.69480361757296623E+003
BO3_QF8_I[I] =  5.56280232635632547E+003
YO5_QF4_I[I] =  5.33927545314525742E+003
BI5_QD8_I[I] =  4.92735725294325766E+003
YO5_QD7_I[I] =  4.33963420088532530E+003
YO5_QF8_I[I] = -2.80437971291327722E+003
YO5_QD9_I[I] = -9.16681285321221367E+002
H5_Q11_I[I] =  5.40853336492569269E+002
yo5_tq4_i[i] = +150
Q1APR[K1] =  -8.28797928966607395E-002
Q1BPR[K1] = Q1APR[K1]
Q2PR[K1] =  2.86304139490189749E-002
H6_Q3[K1] =  1.21664261290392751E-002
H6_Q04_I[I] = -1.65642265079255549E+003
H6_Q05_I[I] =  3.60339548079121869E+003
H6_Q06_I[I] = -4.73167570019071900E+003
H6_Q07_I[I] =  5.06413038753277942E+003
H6_Q08_I[I] = -5.15088806908298284E+003
H6_Q09_I[I] =  5.05238145590589102E+003
H6_Q10_I[I] = -6.07130611836541902E+003
h6_tq05_i[i] = 100
h6_tq06_i[i] = -150
h6_tq08_i[i] = -100
B0APF[DB_FIELD] =  3.30316064001682452E+000
B1PF[DB_FIELD] =  3.39958082698949049E+000
