OV_Q1F[K1] = -6.63051603082300961E-002
Q2PF[K1] = +3.70990220286375044E-002
Q3PF[K1] = +1.09610039424014247E-002
YI6_QD2_I[I] = +3.10532083445163880E+003
BO3_QF8_I[I] = +6.00000000000000000E+003
YO5_QF4_I[I] = +5.84033266308259590E+003
BI5_QD8_I[I] = +4.92188969819489830E+003
YO5_QD7_I[I] = +4.39652853974705977E+003
YO5_QF8_I[I] = -3.00315637305200016E+003
YO5_QD9_I[I] = +5.38407039532111185E+002
H5_Q11_I[I] = +1.63509087736090146E+003
yo5_tq4_i[i] = +150
Q1APR[K1] = -8.54413478450078978E-002
Q1BPR[K1] = -7.87605005181164636E-002
Q2PR[K1] =  2.85199053033154681E-002
Q3PR[K1] =  5.91039849928706382E-003
Q4PR[K1] = +2.65475690266249696e-02
Q5PR[K1] = -7.36182453637530682e-02
YI6_QD4_I[I] = +5.88041158585149606e+03
YI6_QF5_I[I] = -5.99887618199238932E+003
YI6_QD6_I[I] = +5.66478653250053321e+03
YI6_QF7_I[I] = -4.00257419331406072e+03
YI6_QD8_I[I] = -1.33580013705349256e+03
YI6_QF9_I[I] =  5.90897155073956310E+003
yi6_tq4_i[i] = +150
yi6_tq5_i[i] = -75
yi6_tq6_i[i] = +75
B0APF[DB_FIELD] = +8.08551696903457295E-001
B1PF[DB_FIELD] = +3.39999999999999991E+000
