Q1APF[K1] = -9.0749692989310113E-02
Q1BPF[K1] = -5.2537331064371626E-02
Q2PF[K1] =  3.76491582086027551E-002
Q3PF[K1] =  1.05011723111047735E-002
YI6_QD2_I[I] = +3.05360471184019298e+03
BO3_QF8_I[I] = +5.50918569466025838e+03
YO5_QF4_I[I] = +6.26781550469679769e+03
BI5_QD8_I[I] = +5.00732535121294768e+03
YO5_QD7_I[I] = +2.02300766307263416e+03
YO5_QF8_I[I] = +2.08946076124271985e+03
YO5_QD9_I[I] = -4.15348750686122457e+03
H5_Q11_I[I] = +2.28518121343767035e+02
yo5_tq4_i[i] = +150
Q1APR[K1] = -8.20759476929873166E-002
Q1BPR[K1] = Q1APR[K1]
Q2PR[K1] =  2.85902275177330051E-002
Q3PR[K1] =  5.97787646373884422E-003
Q4PR[K1] = +2.63000309838110659e-02
Q5PR[K1] = -5.34979148974763161e-02
YI6_QD4_I[I] =  5.71770791450603338E+003
YI6_QF5_I[I] = -4.49832326946925605e+03
YI6_QD6_I[I] = +4.76151491252933920e+03
YI6_QF7_I[I] = -1.78735667830450984e+03
YI6_QD8_I[I] = -2.34637094464457095e+03
YI6_QF9_I[I] = +6000
yi6_tq4_i[i] = +150
yi6_tq5_i[i] = -75
yi6_tq6_i[i] = +75
B0APF[DB_FIELD] =  3.30118032795977667E+000
B1PF[DB_FIELD] =  3.39984336912727514E+000
