Q1APF, K1 = -9.04755768790569403E-002;
Q1BPF, K1 = -5.23786381987533939E-002;
Q2PF, K1 =  3.75817524064124900E-002;
Q3PF, K1 =  1.05641926753392689E-002;
YI6_QD2_I =  3.14308775010274621E+003;
BO3_QF8_I =  6.14631103152423748E+003;
YO5_QF4_I =  5.74299579042363894E+003;
BI5_QD8_I =  3.81456623769919088E+003;
YO5_QD7_I =  4.24409713377092794E+003;
YO5_QF8_I = -3.45688804427130117E+003;
YO5_QD9_I =  1.24113694940267715E+003;
H5_Q11_I =  1.94988215556263549E+003;
yo5_tq4_i = +150;
Q1APR, K1 = -8.54413478450078978E-002;
Q1BPR, K1 = -7.87605005181164636E-002;
Q2PR, K1 =  2.85199053033154681E-002;
Q3PR, K1 =  5.91039849928706382E-003;
Q4PR, K1 =  2.64998977428615064E-002;
Q5PR, K1 = -7.30320094916560442E-002;
YI6_QD4_I =  6.00000000000000000E+003;
YI6_QF5_I = -5.99887618199238932E+003;
YI6_QD6_I =  5.74179403208998883E+003;
YI6_QF7_I = -4.05516631038482547E+003;
YI6_QD8_I = -1.36892482268375238E+003;
YI6_QF9_I =  5.90897155073956310E+003;
yi6_tq4_i = +150;
yi6_tq5_i = -75;
yi6_tq6_i = +75;
B0APF, K0 := -3.29746988416201692E+000/beam->brho;
B1PF, K0 := -3.40033612135244701E+000/beam->brho;
