Q1APF, K1 = -9.04755768790569403E-002;
Q1BPF, K1 = -5.23786381987533939E-002;
Q2PF, K1 =  3.75817524064124900E-002;
Q3PF, K1 =  1.05641926753392689E-002;
YI6_QD2_I = +3.11674162611150768e+03;
BO3_QF8_I =  6.14631103152423748E+003;
YO5_QF4_I = +5.83364045782623452e+03;
BI5_QD8_I = +4.80933774632159202e+03;
YO5_QD7_I = +3.76299172370799124e+03;
YO5_QF8_I = -6.28436851295570364e+02;
YO5_QD9_I = +7.73211754576372982e+02;
H5_Q11_I = +1.32830902948157046e+02;
yo5_tq4_i = +150;
Q1APR, K1 = -8.54413478450078978E-002;
Q1BPR, K1 = -7.87605005181164636E-002;
Q2PR, K1 =  2.85199053033154681E-002;
Q3PR, K1 =  5.91039849928706382E-003;
Q4PR, K1 = +2.62085012603164649e-02;
Q5PR, K1 = -5.73694936618032517e-02;
YI6_QD4_I = +5.88041158585149606e+03;
YI6_QF5_I = -4.15141791549004938e+03;
YI6_QD6_I = +4.74472342907533312e+03;
YI6_QF7_I = -2.95267254688654430e+03;
YI6_QD8_I = -2.40610630216033815e+03;
YI6_QF9_I =  5.90897155073956310E+003;
yi6_tq4_i = +150;
yi6_tq5_i = -75;
yi6_tq6_i = +75;
B0APF, K0 := -3.29746988416201692E+000/beam->brho;
B1PF, K0 := -3.40033612135244701E+000/beam->brho;
