Q1APF[K1] = -9.06625060392291099E-002
Q1BPF[K1] = -5.24868562967992780E-002
Q2PF[K1] = +3.76277314122635265E-002
Q3PF[K1] = +1.05212205530461674E-002
YI6_QD2_I[I] =  3.00682121339008518E+003
BO3_QF8_I[I] =  5.50735920809761865E+003
YO5_QF4_I[I] =  6.51145596632765682E+003
BI5_QD8_I[I] =  5.64568976922340880E+003
YO5_QD7_I[I] =  4.05137570138843466E+003
YO5_QF8_I[I] =  1.38888142265847598E+001
YO5_QD9_I[I] = -4.79028230130082920E+003
yo5_tq4_i[i] = +150
Q1APR[K1] = -8.54413478450078978E-002
Q1BPR[K1] = -7.87605005181164636E-002
Q2PR[K1] =  2.85199053033154681E-002
Q3PR[K1] =  5.91039849928706382E-003
Q4PR[K1] =  2.64998977428615064E-002
Q5PR[K1] = -7.30320094916560442E-002
YI6_QD4_I[I] =  6.00000000000000000E+003
YI6_QF5_I[I] = -5.99887618199238932E+003
YI6_QD6_I[I] =  5.74179403208998883E+003
YI6_QF7_I[I] = -4.05516631038482547E+003
YI6_QD8_I[I] = -1.36892482268375238E+003
YI6_QF9_I[I] =  5.90897155073956310E+003
yi6_tq4_i[i] = +150
yi6_tq5_i[i] = -75
yi6_tq6_i[i] = +75
B0APF[DB_FIELD] =  3.3
B1PF[DB_FIELD] =  3.4
