Q1APF[K1] = -9.03520129618945317E-02
Q1BPF[K1] = -5.23071038694379528E-02
Q2PF[K1] =  3.75511418981541792E-002
Q3PF[K1] =  1.05941801112431153E-002
YI6_QD2_I[I] =  2.57502846428531529E+003
BO3_QF8_I[I] =  6.11399113458133161E+003
YO5_QF4_I[I] =  6.00000000000000000E+003
BI5_QD8_I[I] = -1.33675277285917082E+003
YO5_QD7_I[I] = -5.00745393969753241E+003
H5_Q09_I[I] = -5.18224231926513585E+003
YO5_QD9_I[I] = -4.93970156804507860E+003
H5_Q11_I[I] = -2.18077511027668606E+003
yo5_tq4_i[i] = +150
h5_tq09_i[i] = -100
Q1APR[K1] =  -8.30555376631274267E-002
Q1BPR[K1] = Q1APR[K1]
Q2PR[K1] =  2.86643487305128647E-002
H6_Q3[K1] =  1.21187009595471948E-002
H6_Q04_I[I] = -1.79018861580863791E+003
H6_Q05_I[I] =  4.97676836695732618E+003
H6_Q06_I[I] = -3.82529668677563359E+003
H6_Q07_I[I] =  5.24851079763436792E+003
H6_Q08_I[I] = -4.33280903543076874E+003
H6_Q09_I[I] =  3.79033893746144531E+003
H6_Q10_I[I] = -5.89080239547107158E+003
h6_tq05_i[i] = 100
h6_tq06_i[i] = -150
B0APF[DB_FIELD] =  3.29580626214344807E+000
B1PF[DB_FIELD] =  3.40056109813071528E+000
