Q1APF[K1] = -9.0832864471788233E-02
Q1BPF[K1] = -5.2585481174483646E-02
Q2PF[K1] =  3.76895372977993914E-002
Q3PF[K1] =  1.04132417500214930E-002
YI6_QD2_I[I] =  3.16809503286510744E+003
BO3_QF8_I[I] =  5.90000000000000000E+003
YO5_QF4_I[I] =  5.98454475407997415E+003
BI5_QD8_I[I] =  5.41325805513577961E+003
YO5_QD7_I[I] =  3.67927286297068986E+003
YO5_QF8_I[I] = -8.50272185763436852E+001
YO5_QD9_I[I] = -3.91553709747280482E+003
H5_Q11_I[I] = -4.51551614123730261E+001
yo5_tq4_i[i] = +150
Q1APR[K1] = -8.20759476929873166E-002
Q1BPR[K1] = Q1APR[K1]
Q2PR[K1] =  2.85902275177330051E-002
Q3PR[K1] =  5.97787646373884422E-003
Q4PR[K1] = +2.62085012603164649e-02
Q5PR[K1] = -5.73694936618032517e-02
YI6_QD4_I[I] =  5.71770791450603338E+003
YI6_QF5_I[I] = -4.15141791549004938e+03
YI6_QD6_I[I] = +4.74472342907533312e+03
YI6_QF7_I[I] = -2.95267254688654430e+03
YI6_QD8_I[I] = -2.40610630216033815e+03
YI6_QF9_I[I] = +6000
yi6_tq4_i[i] = +150
yi6_tq5_i[i] = -75
yi6_tq6_i[i] = +75
B0APF[DB_FIELD] =  3.30154380544889836E+000
O_B1PF[DB_FIELD] =  3.16901925519691119E+000
