Q1APF[K1] = -9.0749692989310113E-02
Q1BPF[K1] = -5.2537331064371626E-02
Q2PF[K1] =  3.76491582086027551E-002
Q3PF[K1] =  1.05011723111047735E-002
YI6_QD2_I[I] = +3.08252871707807162e+03
BO3_QF8_I[I] = +5.58474158196457938e+03
YO5_QF4_I[I] = +6.06611693312755779e+03
BI5_QD8_I[I] = +4.99541240994788586e+03
YO5_QD7_I[I] = +2.02300766307263416e+03
YO5_QF8_I[I] = +1.91088547658897005e+03
YO5_QD9_I[I] = -4.15348750686122457e+03
H5_Q11_I[I] = +8.30418548386277280e+01
yo5_tq4_i[i] = +150
Q1APR[K1] = -8.20759476929873166E-002
Q1BPR[K1] = Q1APR[K1]
Q2PR[K1] =  2.85902275177330051E-002
Q3PR[K1] =  5.97787646373884422E-003
Q4PR[K1] = +2.62239517473448862e-02
Q5PR[K1] = -5.66621154492259124e-02
YI6_QD4_I[I] =  5.71770791450603338E+003
YI6_QF5_I[I] = -4.20080940039213965e+03
YI6_QD6_I[I] = +4.72851303856041159e+03
YI6_QF7_I[I] = -2.65178444992312916e+03
YI6_QD8_I[I] = -2.44746530489699398e+03
YI6_QF9_I[I] = +6000
yi6_tq4_i[i] = +150
yi6_tq5_i[i] = -75
yi6_tq6_i[i] = +75
B0APF[DB_FIELD] =  3.30118032795977667E+000
B1PF[DB_FIELD] =  3.39984336912727514E+000
