Q1APF, K1 = -9.04755768790569403E-002;
Q1BPF, K1 = -5.23786381987533939E-002;
Q2PF, K1 =  3.75817524064124900E-002;
Q3PF, K1 =  1.05641926753392689E-002;
YI6_QD2_I = +3.14023780497390862e+03;
BO3_QF8_I =  6.14631103152423748E+003;
YO5_QF4_I =  5.74299579042363894E+003;
BI5_QD8_I = +3.85526502984843273e+03;
YO5_QD7_I = +4.28940064133359829e+03;
YO5_QF8_I = -3.36243115626986219e+03;
YO5_QD9_I = +7.73211754576372982e+02;
H5_Q11_I = +1.70735618442967188e+03;
yo5_tq4_i = +150;
Q1APR, K1 = -8.54413478450078978E-002;
Q1BPR, K1 = -7.87605005181164636E-002;
Q2PR, K1 =  2.85199053033154681E-002;
Q3PR, K1 =  5.91039849928706382E-003;
Q4PR, K1 = +2.65475690266249696e-02;
Q5PR, K1 = -7.36182453637530682e-02;
YI6_QD4_I = +5.88041158585149606e+03;
YI6_QF5_I = -5.99887618199238932E+003;
YI6_QD6_I = +5.66478653250053321e+03;
YI6_QF7_I = -4.00257419331406072e+03;
YI6_QD8_I = -1.33580013705349256e+03;
YI6_QF9_I =  5.90897155073956310E+003;
yi6_tq4_i = +150;
yi6_tq5_i = -75;
yi6_tq6_i = +75;
B0APF, K0 := -3.29746988416201692E+000/beam->brho;
B1PF, K0 := -3.40033612135244701E+000/beam->brho;
