Q1APF[K1] = -9.06625060392291099E-002
Q1BPF[K1] = -5.24868562967992780E-002
Q2PF[K1] = +3.76277314122635265E-002
Q3PF[K1] = +1.05212205530461674E-002
YI6_QD2_I[I] = +3.11793140776037490e+03
BO3_QF8_I[I] = +5.88433241634560363e+03
YO5_QF4_I[I] = +5.85927806073763077E+003
BI5_QD8_I[I] = +5.08473053032220650e+03
YO5_QD7_I[I] = +3.68608851392767519e+03
YO5_QF8_I[I] = -2.91550253442334565e+02
YO5_QD9_I[I] = -3.66745125771926132e+03
yo5_tq4_i[i] = +150
Q1APR[K1] = -8.54413478450078978E-002
Q1BPR[K1] = -7.87605005181164636E-002
Q2PR[K1] =  2.85199053033154681E-002
Q3PR[K1] =  5.91039849928706382E-003
Q4PR[K1] = +2.63259473621303315e-02
Q5PR[K1] = -6.52210291194506575e-02
YI6_QD4_I[I] = +5.73776597272637537e+03
YI6_QF5_I[I] = -5.43321661786247023E+003
YI6_QD6_I[I] = +5.26758962682808396e+03
YI6_QF7_I[I] = -4.36880534434872698e+03
YI6_QD8_I[I] = -2.15278142059241418e+03
YI6_QF9_I[I] = +6000
yi6_tq4_i[i] = +150
yi6_tq5_i[i] = -75
yi6_tq6_i[i] = +75
B0APF[DB_FIELD] =  3.3
B1PF[DB_FIELD] =  3.4
