Q1APF[K1] = -9.0581613079405709E-02
Q1BPF[K1] = -5.2440025282048400E-02
Q2PF[K1] =  3.76078408315902654E-002
Q3PF[K1] =  1.05398184991686971E-002
YI6_QD2_I[I] = +3.11674162611150768e+03
BO3_QF8_I[I] =  5.89602704500602704E+003
YO5_QF4_I[I] = +5.83364045782623452e+03
BI5_QD8_I[I] = +4.80933774632159202e+03
YO5_QD7_I[I] = +3.76299172370799124e+03
YO5_QF8_I[I] = -6.28436851295570364e+02
YO5_QD9_I[I] = -3.11905060561197661E+003
H5_Q11_I[I] = +1.32830902948157046e+02
yo5_tq4_i[i] = +150
Q1APR[K1] =  -8.29273749546734495E-002
Q1BPR[K1] = Q1APR[K1]
Q2PR[K1] =  2.86396066135044744E-002
H6_Q3[K1] =  1.21535070407816827E-002
H6_Q04_I[I] = -1.54050014777413617E+003
H6_Q05_I[I] =  5.88447745855062840E+003
H6_Q06_I[I] = -8.45510309727225467E+003
H6_Q07_I[I] =  5.55491187972341504E+003
H6_Q08_I[I] = -5.11497236800826067E+003
H6_Q09_I[I] =  4.63826254045094538E+003
H6_Q10_I[I] = -6.33754313065223869E+003
B0APF[DB_FIELD] =  3.29890501511434753E+000
B1PF[DB_FIELD] =  3.40014540444183844E+000
