Y8_Q6_PS = 1.35000000000000000E+002;
Y8_Q7_PS = +4.41906966229411864e+02;
Y8_Q89_PS = -8.68317190418078866e+01;
YI7_QF1_PS = 6.00000000000000000E+001;
YI7_QD2_PS = +7.74736040484267079e+01;
YI7_QF3_PS = -2.80000000000000000E+002;
YI7_TQ4_PS = 1.00000000000000000E+002;
YI7_TQ5_PS = +6.50412249919049579e+00;
YI7_TQ6_PS = -5.83580288694418670e+00;
YI7_QF9_PS = -6.00000000000000000E+001;
YO8_QD1_PS = 6.00000000000000000E+001;
YO8_QF2_PS = 1.40000000000000000E+002;
YO8_QD3_PS = -2.31700703071023298e+02;
YO8_TQ4_PS = -2.27493843585765312e+01;
YO8_TQ5_PS = -4.41818099508952429e+01;
YO8_TQ6_PS = +6.53476578359127700e+01;
YO8_QF8_PS = -6.00000000000000000E+001;
