Y8_Q6_PS[I] = +4.64897090528434092e+01
Y8_Q7_PS[I] = +1.74705366308913312e+02
Y8_Q89_PS[I] = -1.10358059684040398e+02
YI7_QF1_PS[I] = +4.64897090528434092e+01
YI7_QD2_PS[I] = +4.83069102377358490e+01
YI7_QF3_PS[I] = -2.47510290947156591e+02
YI7_TQ4_PS[I] = +6.75102909471565908e+01
YI7_TQ5_PS[I] = +2.53289806747570942e+01
YI7_TQ6_PS[I] = +6.75102909471565908e+01
YI7_QF9_PS[I] = -3.74897090528434092e+01
YO8_QD1_PS[I] = +4.64897090528434092e+01
YO8_QF2_PS[I] = +6.44607047762505516e+01
YO8_QD3_PS[I] = -2.38128214464278216e+02
YO8_TQ4_PS[I] = -6.60993880260081426e+01
YO8_TQ5_PS[I] = +3.13089705767630306e+01
YO8_TQ6_PS[I] = +6.75102909471565908e+01
YO8_QF8_PS[I] = -1.17510290947156591e+02
