Y8_Q6_PS[I] = +8.71847197960648970e+01
Y8_Q7_PS[I] = +2.71934279848672304e+02
Y8_Q89_PS[I] = -2.52384632908339199e+02
YI7_QF1_PS[I] =  1.90000000000000000E+002
YI7_QD2_PS[I] =  1.40000000000000000E+002
YI7_QF3_PS[I] = -1.14642342676908683e+02
YI7_TQ4_PS[I] =  1.00000000000000000E+002
YI7_TQ5_PS[I] = -1.47146457826724024e+01
YI7_TQ6_PS[I] = +2.20144514970374559e+01
YI7_QF9_PS[I] = -6.00000000000000000E+001
YO8_QD1_PS[I] =  1.90000000000000000E+002
YO8_QF2_PS[I] =  1.40000000000000000E+002
YO8_QD3_PS[I] = -6.00000000000000000E+001
YO8_TQ4_PS[I] = +2.05424336811964459e+01
YO8_TQ5_PS[I] = -4.13347086247477478e+01
YO8_TQ6_PS[I] = +4.66931064962624376e+01
YO8_QF8_PS[I] = -6.00000000000000000E+001
