Y8_Q6_PS[I] = -2.08804665515355445e+01
Y8_Q7_PS[I] = +3.84806570952682875e+02
Y8_Q89_PS[I] = -1.43219865839860692e+01
YI7_QF1_PS[I] =  1.90000000000000000E+002
YI7_QD2_PS[I] =  1.40000000000000000E+002
YI7_QF3_PS[I] = -9.88419912366024533e+01
YI7_TQ4_PS[I] =  1.00000000000000000E+002
YI7_TQ5_PS[I] = -1.34362059643010188e+01
YI7_TQ6_PS[I] = +1.39851767610720206e+01
YI7_QF9_PS[I] = -6.00000000000000000E+001
YO8_QD1_PS[I] =  1.90000000000000000E+002
YO8_QF2_PS[I] =  1.40000000000000000E+002
YO8_QD3_PS[I] = -6.00000000000000000E+001
YO8_TQ4_PS[I] = +1.34546170021416795e+01
YO8_TQ5_PS[I] = -3.99543790298161383e+01
YO8_TQ6_PS[I] = +4.03896558214275458e+01
YO8_QF8_PS[I] = -6.00000000000000000E+001
