Y8_Q6_PS[I] = +6.48567186831719482e+01
Y8_Q7_PS[I] = +7.37325599938759240e+01
Y8_Q89_PS[I] = -2.16630102282091798e+02
YI7_QF1_PS[I] = +6.48567186831719482e+01
YI7_QD2_PS[I] = +8.79001511033998639e+01
YI7_QF3_PS[I] = -2.29143281316828052e+02
YI7_TQ4_PS[I] = -4.03054935463527855e+01
YI7_TQ5_PS[I] = +5.15995249206941580e+01
YI7_TQ6_PS[I] = -4.91432813168280518e+01
YI7_QF9_PS[I] = -9.91432813168280518e+01
YO8_QD1_PS[I] = +6.48567186831719482e+01
YO8_QF2_PS[I] = +8.91432813168280518e+01
YO8_QD3_PS[I] = -2.29143281316828052e+02
YO8_TQ4_PS[I] = -2.82021856757790985e+01
YO8_TQ5_PS[I] = -5.77291971020120798e+00
YO8_TQ6_PS[I] = +4.91432813168280518e+01
YO8_QF8_PS[I] = -5.58567186831719482e+01
