Y8_Q6_PS[I] = +8.17278389840137720e+01
Y8_Q7_PS[I] = +2.61621913777989263e+01
Y8_Q89_PS[I] = -1.85337535994862463e+02
YI7_QF1_PS[I] =  1.90000000000000000E+002
YI7_QD2_PS[I] =  1.40000000000000000E+002
YI7_QF3_PS[I] = -1.00940935525873783e+02
YI7_TQ4_PS[I] =  1.00000000000000000E+002
YI7_TQ5_PS[I] = -2.02468268753528946e+01
YI7_TQ6_PS[I] = +2.04991358464852986e+01
YI7_QF9_PS[I] = -6.00000000000000000E+001
YO8_QD1_PS[I] =  1.90000000000000000E+002
YO8_QF2_PS[I] =  1.40000000000000000E+002
YO8_QD3_PS[I] = -6.00000000000000000E+001
YO8_TQ4_PS[I] = +2.54893324239682570e+01
YO8_TQ5_PS[I] = -4.02309652011242918e+01
YO8_TQ6_PS[I] = +4.21237211614258769e+01
YO8_QF8_PS[I] = -6.00000000000000000E+001
