Y8_Q6_PS =  4.79762114481465929E+001;
Y8_Q7_PS =  9.18346293233570208E+001;
Y8_Q89_PS = -7.15801328008639359E+001;
YI7_QF1_PS =  4.79762114481465929E+001;
YI7_QD2_PS =  5.37438550796406176E+001;
YI7_QF3_PS = -2.46023788551853414E+002;
YI7_TQ4_PS =  6.60237885518534142E+001;
YI7_TQ5_PS =  1.94148593288340798E+001;
YI7_TQ6_PS =  6.60237885518534142E+001;
YI7_QF9_PS = -3.89762114481466000E+001;
YO8_QD1_PS =  4.79762114481465929E+001;
YO8_QF2_PS =  6.36856155534965609E+001;
YO8_QD3_PS = -2.29729077327202873E+002;
YO8_TQ4_PS = -6.16218173749992175E+001;
YO8_TQ5_PS =  3.09197561975237853E+001;
YO8_TQ6_PS =  6.60237885518534142E+001;
YO8_QF8_PS = -1.16023788551853414E+002;
