Y8_Q6_PS = +5.46292503979772803e+01;
Y8_Q7_PS = +5.09370749602022727e+02;
Y8_Q89_PS = -1.15813194574271563e+02;
YI7_QF1_PS = +5.46292503979772803e+01;
YI7_QD2_PS = +6.50578369856746690e+01;
YI7_QF3_PS = -1.89872308051276832e+02;
YI7_TQ4_PS = +5.93707496020227197e+01;
YI7_TQ5_PS = +1.85467901462448950e+01;
YI7_TQ6_PS = -1.41573133967781892e+01;
YI7_QF9_PS = -8.42081966702678528e+01;
YO8_QD1_PS = +5.46292503979772803e+01;
YO8_QF2_PS = +9.93707496020227268e+01;
YO8_QD3_PS = -1.64039393102745748e+02;
YO8_TQ4_PS = -1.12967623466976619e+01;
YO8_TQ5_PS = -4.11794864976446817e+01;
YO8_TQ6_PS = +5.39776292776800517e+01;
YO8_QF8_PS = -4.56292503979772803e+01;
