Y8_Q6_PS[I] =  6.02260708859634590E+001
Y8_Q7_PS[I] =  1.14787649917889297E+002
Y8_Q89_PS[I] = -1.17218782103479029E+002
YI7_QF1_PS[I] =  6.02260708859634590E+001
YI7_QD2_PS[I] =  7.90923164690370584E+001
YI7_QF3_PS[I] = -2.33773929114036548E+002
YI7_TQ4_PS[I] = -6.63823908326223755E+000
YI7_TQ5_PS[I] =  4.35200575043188280E+001
YI7_TQ6_PS[I] = -5.37739291140365410E+001
YI7_QF9_PS[I] = -1.03773929114036548E+002
YO8_QD1_PS[I] =  6.02260708859634590E+001
YO8_QF2_PS[I] =  9.37739291140365481E+001
YO8_QD3_PS[I] = -2.33773929114036548E+002
YO8_TQ4_PS[I] = -2.09884604390942506E+001
YO8_TQ5_PS[I] = -2.77792728383968743E+001
YO8_TQ6_PS[I] =  5.37739291140365410E+001
YO8_QF8_PS[I] = -5.12260708859634590E+001
