B12_Q6_PS[I] = -1.35000000000000000E+002*p100/p275
B12_Q7_PS[I] = -4.41906966229421698e+02*p100/p275
B12_Q89_PS[I] = +8.68317190418067639e+01*p100/p275
BO11_QD1_PS[I] = -6.00000000000000000E+001*p100/p275
BO11_QF2_PS[I] = -1.40000000000000000E+002*p100/p275
BO11_QD3_PS[I] = +2.31700703071036571e+02*p100/p275
BO11_TQ4_PS[I] = +2.27493843585777284e+01*p100/p275
BO11_TQ5_PS[I] = +4.41818099508942552e+01*p100/p275
BO11_TQ6_PS[I] = -6.53476578359108942e+01*p100/p275
BO11_QF8_PS[I] =  6.00000000000000000E+001*p100/p275
BI12_QF1_PS[I] = -6.00000000000000000E+001*p100/p275
BI12_QD2_PS[I] = -7.74736040484242920e+01*p100/p275
BI12_QF3_PS[I] =  2.80000000000000000E+002*p100/p275
BI12_TQ4_PS[I] = -1.00000000000000000E+002*p100/p275
BI12_TQ5_PS[I] = -6.50412249919108554e+00*p100/p275
BI12_TQ6_PS[I] = +5.83580288694489369e+00*p100/p275
BI12_QF9_PS[I] =  6.00000000000000000E+001*p100/p275
