Q1APF[K1] = -9.14567084416302994E-02
Q1BPF[K1] = -5.29466404919037639E-02
Q2PF[K1] =  4.64620145449825342E-002
Q3PF[K1] = -3.55766667780338872E-002
YI6_QD2_I[I] =  1.32874708173456020E+003
BO3_QF8_I[I] =  4.98252563794470279E+003
YO5_QF4_I[I] = -1.74920331437106529E+003
BI5_QD8_I[I] = -1.34334904963880786E+003
YO5_QD7_I[I] =  1.40892355866622665E+003
YO5_QF8_I[I] = -1.65440341628129204E+003
YO5_QD9_I[I] =  1.63015717004327144E+003
H5_Q11_I[I] =  1.61918476197707628E+003
yo5_tq*_i[i] = 0
Q1APR[K1] = -8.65476001015218210E-002
Q1BPR[K1] = Q1APR[K1]
Q2PR[K1] =  3.62647656680480379E-002
Q3PR[K1] = -1.54574537956548470E-002
Q4PR[K1] =  2.71294444619377476E-002
Q5PR[K1] = -8.15255337177920036E-002
YI6_QD4_I[I] =  1.87945431707079456E+003
YI6_QF5_I[I] = -2.83250998182094099E+003
YI6_QD6_I[I] =  2.54007790669281121E+003
YI6_QF7_I[I] = -1.68802905647838406E+003
YI6_QD8_I[I] = -1.65394797038639194E+003
YI6_QF9_I[I] =  2.52501782860364756E+003
yi6_tq*_i[i] = 0
B0APF[DB_FIELD] = -1.17715163720572402E+000
B1PF[DB_FIELD] =  1.25284308890421903E+000
