BI1_QF1_I[I] =  5.53097868786545746E+002
BI1_QD2_I[I] = -4.74576601402010624E+002
BI1_QF3_I[I] =  6.92210564334195169E+002
H01O_Q4_I[I] =  2.59215983870062757E+002
H01O_Q5_I[I] = -2.92526708873662699E+002
H01O_Q6_I[I] = -7.15903955615184032E+002
H01O_Q7_I[I] =  1.32024548005612314E+003
H01O_Q8_I[I] =  5.06097178387095923E+001
YI2_QF1_I[I] =  4.94535397974960176E+002
YI2_QD2_I[I] = -4.89971980279661011E+002
YI2_QF3_I[I] =  7.88313804591757616E+002
H02_Q4_I[I] = -4.44828969339832128E+001
H02_Q5_I[I] = -7.36172551631133985E+001
H02_Q6_I[I] =  3.48379420714187859E+002
H02_Q7_I[I] = -4.62478930214023990E+002
H01O_TQ4_I[I] = -3.37085740412362824E+001
H01O_TQ5_I[I] =  8.17690131151429114E+001
H01O_TQ6_I[I] =  3.19478150377008383E+001
H01O_TQ7_I[I] = -8.27685857024560789E+001
H01O_TQ8_I[I] =  1.31869315051015334E+001
H02_TQ4_I[I] =  2.33247281641292368E+001
H02_TQ5_I[I] = -6.24262109117990391E+001
H02_TQ6_I[I] = -1.32837016050871570E+000
H02_TQ7_I[I] =  2.16343265290011786E+001
