H01O_Q00_I[I] =  5.08077824943201165E+002
BI1_QF1_I[I] = -1.05757562777991939E+003
BI1_QD2_I[I] =  4.39342208104927977E+002
BI1_QF3_I[I] = -3.05026215948283834E+002
H01O_Q4_I[I] =  3.12303500200403107E+002
H01O_Q5_I[I] = -1.35131111370698409E+003
H01O_Q6_I[I] =  9.32766652292336744E+002
H01O_Q7_I[I] =  5.49794930390965305E+002
H02_Q00_I[I] =  4.85709514543292116E+001
YI2_QF1_I[I] =  5.99284274862471534E+002
YI2_QD2_I[I] = -5.32612404151467103E+002
YI2_QF3_I[I] =  7.55473393699435633E+002
H02_Q4_I[I] = -9.02176537298831818E+002
H02_Q5_I[I] =  3.45528482711501681E+002
H02_Q6_I[I] = -5.81533742979259159E+002
H01O_TQ4_I[I] =  4.73874114397464510E+001
H01O_TQ5_I[I] =  8.37243615141064623E+001
H01O_TQ6_I[I] = -4.94821777660293662E+001
H01O_TQ7_I[I] = -2.46719664243522097E+001
H02_TQ4_I[I] =  1.56358000581311281E+001
H02_TQ5_I[I] = -4.69855350103915048E-001
H02_TQ6_I[I] =  3.33525925264777925E+001
