BI1_QF1_I[I] =  6.16435660681825311E+002
BI1_QD2_I[I] = -5.43984227338434721E+002
BI1_QF3_I[I] =  7.15366040635736113E+002
H01O_Q4_I[I] = -4.27707087021668855E+001
H01O_Q5_I[I] = -1.18110050837713493E+003
H01O_Q6_I[I] =  1.07703825538664773E+003
H01O_Q7_I[I] =  8.35953405886111454E+002
YI2_QF1_I[I] =  5.92578623999840602E+002
YI2_QD2_I[I] = -4.79370530292397007E+002
YI2_QF3_I[I] =  5.46713114308253012E+002
H02_Q4_I[I] = -4.85681244484637261E+002
H02_Q5_I[I] = -1.04838341213044760E+003
H02_Q6_I[I] = -4.54241394786066166E+002
H01O_TQ4_I[I] =  6.83975480398079867E+001
H01O_TQ5_I[I] =  7.24374524720648765E+001
H01O_TQ6_I[I] = -7.08529645249765281E+001
H01O_TQ7_I[I] = -3.09260709019910109E+001
H02_TQ4_I[I] =  5.46061344005983713E+001
H02_TQ5_I[I] =  1.10277827647827721E+002
H02_TQ6_I[I] =  4.04535980029049682E+001
H01O_Q00_I[I] =  4.88501365990421561E+002
BI1_QF1_I[I] = -1.02180781409448787E+003
BI1_QD2_I[I] =  3.74145790613502129E+002
BI1_QF3_I[I] = -1.71755747922489917E+002
H01O_Q4_I[I] = -4.84269346109483877E+002
H01O_Q5_I[I] = -1.49796722842065918E+002
H01O_Q6_I[I] =  1.96163280523349317E+003
H01O_Q7_I[I] =  8.89930836489538819E+002
H02_Q00_I[I] =  9.94952039077102626E+001
YI2_QF1_I[I] =  6.54813929960889027E+002
YI2_QD2_I[I] = -5.50915316752296121E+002
YI2_QF3_I[I] =  8.32985507837665182E+002
H02_Q4_I[I] =  1.42753779716611263E+002
H02_Q5_I[I] =  1.16177306616411283E+003
H02_Q6_I[I] = -1.07020593859429846E+003
H01O_TQ4_I[I] =  2.33898702047202605E+001
H01O_TQ5_I[I] =  7.21400644751069393E+001
H01O_TQ6_I[I] = -1.24839513218123301E+002
H01O_TQ7_I[I] = -4.00783722263247100E+001
H02_TQ4_I[I] = -1.03565366932154916E+002
H02_TQ5_I[I] = -9.28821699304879758E+001
H02_TQ6_I[I] =  1.31323780373758296E+002
