BI1_QF1_I[I] =  6.16435660681825311E+002
BI1_QD2_I[I] = -5.43984227338434721E+002
BI1_QF3_I[I] =  7.15366040635736113E+002
H01O_Q4_I[I] = -4.27707087021668855E+001
H01O_Q5_I[I] = -1.18110050837713493E+003
H01O_Q6_I[I] =  1.07703825538664773E+003
H01O_Q7_I[I] =  8.35953405886111454E+002
YI2_QF1_I[I] =  5.92578623999840602E+002
YI2_QD2_I[I] = -4.79370530292397007E+002
YI2_QF3_I[I] =  5.46713114308253012E+002
H02_Q4_I[I] = -4.85681244484637261E+002
H02_Q5_I[I] = -1.04838341213044760E+003
H02_Q6_I[I] = -4.54241394786066166E+002
H01O_TQ4_I[I] =  6.83975480398079867E+001
H01O_TQ5_I[I] =  7.24374524720648765E+001
H01O_TQ6_I[I] = -7.08529645249765281E+001
H01O_TQ7_I[I] = -3.09260709019910109E+001
H02_TQ4_I[I] =  5.46061344005983713E+001
H02_TQ5_I[I] =  1.10277827647827721E+002
H02_TQ6_I[I] =  4.04535980029049682E+001
