H01O_Q00_I[I] =  1.44520237723559433E+002
BI1_QF1_I[I] = -7.89130433523643092E+002
BI1_QD2_I[I] =  4.77757650583127145E+002
BI1_QF3_I[I] = -3.19462087935452871E+002
H01O_Q4_I[I] =  8.04793499186255985E+002
H01O_Q5_I[I] = -1.59085425426647771E+003
H01O_Q6_I[I] =  9.52613292807824109E+002
H01O_Q7_I[I] =  3.34609036633143091E+002
H02_Q00_I[I] =  4.30857379827077807E+002
YI2_QF1_I[I] =  8.91243900422789011E+002
YI2_QD2_I[I] = -4.84734536432950222E+002
YI2_QF3_I[I] =  7.32043704056671913E+002
H02_Q4_I[I] = -8.91384468123028682E+002
H02_Q5_I[I] =  2.67153884932933579E+002
H02_Q6_I[I] = -5.79562633977774567E+002
H01O_TQ4_I[I] =  8.20785609299748664E+000
H01O_TQ5_I[I] =  1.11002485112996894E+002
H01O_TQ6_I[I] = -5.18055806251460140E+001
H01O_TQ7_I[I] = -9.07350131523896231E+000
H02_TQ4_I[I] =  1.43573499397583220E+001
H02_TQ5_I[I] =  8.85569866023368313E+000
H02_TQ6_I[I] =  3.20163961596159083E+001
