H01O_Q00_I[I] =  1.46144510058640833E+002
BI1_QF1_I[I] = -7.32056046094668091E+002
BI1_QD2_I[I] =  4.69939966732733296E+002
BI1_QF3_I[I] = -3.67380322826578208E+002
H01O_Q4_I[I] =  4.28955768137829011E+002
H01O_Q5_I[I] = -1.17396930620989565E+003
H01O_Q6_I[I] =  1.29190953011001625E+003
H01O_Q7_I[I] =  5.58212652259325182E+002
H02_Q00_I[I] =  4.04883818733024839E+002
YI2_QF1_I[I] =  8.20113517910048472E+002
YI2_QD2_I[I] = -4.45215591253709931E+002
YI2_QF3_I[I] =  6.25755285131372716E+002
H02_Q4_I[I] = -9.20284094715518904E+002
H02_Q5_I[I] =  3.32656504250559919E+002
H02_Q6_I[I] = -5.42239338392594959E+002
H01O_TQ4_I[I] =  1.63515979511011800E+001
H01O_TQ5_I[I] =  8.85967623148753347E+001
H01O_TQ6_I[I] = -8.51363186094814637E+001
H01O_TQ7_I[I] = -1.90370346540577771E+001
H02_TQ4_I[I] =  3.57149852930413516E+001
H02_TQ5_I[I] =  2.57383652768558513E-001
H02_TQ6_I[I] =  3.15153218583232686E+001
