H01O_Q00_I[I] =  5.66963408017754205E+002
BI1_QF1_I[I] = -1.18899124148345368E+003
BI1_QD2_I[I] =  3.92292374467767502E+002
BI1_QF3_I[I] = -7.25384933787444339E+001
H01O_Q4_I[I] = -1.16800706365331780E+003
H01O_Q5_I[I] = -1.27749109807755462E+003
H01O_Q6_I[I] =  1.43093287904922659E+003
H01O_Q7_I[I] =  1.19891709491385654E+003
H02_Q00_I[I] =  1.45570412494762920E+001
YI2_QF1_I[I] =  5.43430357883814054E+002
YI2_QD2_I[I] = -5.43356983116074048E+002
YI2_QF3_I[I] =  8.36933043024980179E+002
H02_Q4_I[I] =  2.94412350367116687E+002
H02_Q5_I[I] =  1.19528673672459104E+003
H02_Q6_I[I] = -8.52877976835756726E+002
H01O_TQ4_I[I] =  1.12918522343325193E+002
H01O_TQ5_I[I] =  1.07725434799199348E+002
H01O_TQ6_I[I] = -9.20762381790519129E+001
H01O_TQ7_I[I] = -5.62349623554759006E+001
H02_TQ4_I[I] = -1.13000000000000000E+002   ! Not used in optimizing
H02_TQ5_I[I] = -1.05476210879178396E+002
H02_TQ6_I[I] =  1.13000000000000000E+002   ! Not used in optimizing
