YI3_QD6_PS[I] =  2.83462707260129569E+001
YI3_QF7_PS[I] =  6.01025082285912973E+001
Y4_Q89_PS[I] = -3.28421547955516928E+001
YI3_QF1_PS[I] = -4.82196938332659197E+000
YI3_QD2_PS[I] = -1.62811546329923651E+001
YI3_QF3_PS[I] = -1.61763850237876525E+001
YI3_TQ4_PS[I] =  6.82625817202510721E+000
YI3_TQ5_PS[I] =  1.16598415425467774E+001
YI3_TQ6_PS[I] = -2.37364411350268067E+000
YI3_QF9_PS[I] =  1.83156678924865403E-004
YO4_QD1_PS[I] =  7.03091904511062609E+001
YO4_QF2_PS[I] =  3.41832180194403534E+001
YO4_QD3_PS[I] = -6.49604851006177029E+001
YO4_TQ4_PS[I] = -6.35797134974278322E+000
YO4_TQ5_PS[I] = -6.07419790087576406E+000
YO4_TQ6_PS[I] =  1.21605081936292025E+000
YO4_QF8_PS[I] = -4.25014989539085342E+000
YO4_QF6_PS[I] = YI3_QD6_PS[I]
YO4_QD7_PS[I] = YI3_QF7_PS[I]
