b0pf[b1_gradient] = 8.12223828336297515E+00*pauq/p275
b0pf[db_field] = xb0hf*b0pf[b1_gradient]
Q1APF[K1] = -9.54539038928451655E-02
Q1BPF[K1] = -5.52607197337389236E-02
Q2PF[K1] =  4.84486352501142803E-002
Q3PF[K1] = -6.46273524813824329E-002
YI6_QD2_I[I] =  3.38510150943053986E+002
BO3_QF8_I[I] =  6.45285452599695304E+002
YO5_QF4_I[I] =  3.59252542448637826E+002
BI5_QD8_I[I] =  4.72805535004708815E+002
YO5_QD7_I[I] =  4.40177646206123995E+002
YO5_QF8_I[I] = -4.31251441451963274E+002
YO5_QD9_I[I] =  3.76169983889657203E+002
H5_Q11_I[I] =  5.53452742539681253E+002
B0APF[DB_FIELD] =  2.56198780114541225E-001
B1PF[DB_FIELD] =  2.86817605679822119E-001
Q1APR[K1] = -7.97325070780750961E-002
Q1BPR[K1] = -7.97325070780750961E-002
Q2PR[K1] =  3.42094880511803201E-002
H6_Q3[K1] = -7.27920263236020298E-002
H6_Q04_I[I] = -2.35834070259295999E+002
H6_Q05_I[I] =  3.56083212131861615E+002
H6_Q06_I[I] = -3.17860882702947663E+002
H6_Q07_I[I] =  3.69104745191710606E+002
H6_Q08_I[I] = -4.57614366865022475E+002
H6_Q09_I[I] =  4.53505558739025275E+002
H6_Q10_I[I] = -5.92305950046113367E+002
