b0pf[b1_gradient] = 8.12223828336297515E+00*pauq/p275
b0pf[db_field] = xb0hf*b0pf[b1_gradient]
Q1APF[K1] = -9.57464872332768197E-002
Q1BPF[K1] = -5.54301037538257810E-002
Q2PF[K1] =  4.87262135725144568E-002
Q3PF[K1] = -6.39219810974309827E-002
YI6_QD2_I[I] =  3.43290003991757658E+002
BO3_QF8_I[I] =  6.49458141450937546E+002
YO5_QF4_I[I] =  3.54692023567124465E+002
BI5_QD8_I[I] =  4.63852760653724999E+002
YO5_QD7_I[I] =  4.36134052642098595E+002
YO5_QF8_I[I] = -4.26936583166218725E+002
YO5_QD9_I[I] =  3.76031027865434908E+002
H5_Q11_I[I] =  5.55258598724914918E+002
B0APF[DB_FIELD] =  2.55598389127203729E-001
B1PF[DB_FIELD] =  2.86451867152246464E-001
Q1APR[K1] = -7.02421669352568528E-002
Q1BPR[K1] = -7.02421669352568528E-002
Q2PR[K1] =  3.30668647612158001E-002
H6_Q3[K1] = -6.80981533603960548E-002
H6_Q04_I[I] = -6.92383016829020903E+001
H6_Q05_I[I] =  2.27380237004291921E+001
H6_Q06_I[I] = -7.80199109544155220E+001
H6_Q07_I[I] =  2.68341132868024886E+002
H6_Q08_I[I] = -4.54776641739833167E+002
H6_Q09_I[I] =  4.72649641798748121E+002
H6_Q10_I[I] = -6.51208622999164731E+002
