YO9_QD1_PS = 1.40000000000000000E+001;
YO9_QF2_PS = 4.23846284997547258E+001;
YO9_QD3_PS = -6.99354196105329180E+001;
YO9_TQ4_PS = -1.07041304622037821E+001;
YO9_TQ5_PS = -5.42917663841031128E+000;
YO9_TQ6_PS = 1.50671766908148133E+001;
YO9_QF6_PS = 1.40000000000000000E+001;
YO9_QD7_PS = 9.79509837544295721E+001;
YO9_QF8_PS = -4.65747325006508817E+001;
YO9_QD9_PS = 2.83876037387707534E+001;
YI10_QF1_PS = 2.25204970524238846E+001;
YI10_QD2_PS = 1.69953240325787327E+001;
YI10_QF3_PS = -5.21771125956858981E+001;
YI10_TQ4_PS = 7.63467168087040626E+000;
YI10_TQ5_PS = 5.54623815555782684E+000;
YI10_TQ6_PS = -7.26308106842437073E+000;
YI10_QD6_PS = 1.40000000000000000E+001;
YI10_QF7_PS = 8.93874944729816860E+001;
YI10_QF9_PS = -5.35793654789543297E+001;
YI10_Q89_PS = 1.90363378358162194E+001;
