YI3_QF1_PS[I] =  1.96418066575069936E+001
YI3_QD2_PS[I] =  1.19785531406108383E+001
YI3_QF3_PS[I] = -3.25230010190344530E+001
YI3_TQ4_PS[I] =  2.09947207575831705E+001
YI3_TQ5_PS[I] = -2.76057975644331810E+000
YI3_TQ6_PS[I] =  3.19653763966341398E+000
YI3_QD6_PS[I] =  1.40000000000000000E+001
YI3_QF7_PS[I] =  6.01242106752270686E+001
YI3_QF9_PS[I] = -5.00000000000000000E+000
Y4_Q89_PS[I] = -3.04623277414824116E+001
YO4_QD1_PS[I] =  1.97623733568176903E+001
YO4_QF2_PS[I] =  1.23847043017158089E+001
YO4_QD3_PS[I] = -3.32749832074399450E+001
YO4_TQ4_PS[I] = -2.01829057538389876E+001
YO4_TQ5_PS[I] =  2.32146104553595789E+000
YO4_TQ6_PS[I] = -3.40511597341389871E+000
YO4_QF6_PS[I] =  1.40000000000000000E+001
YO4_QD7_PS[I] =  6.01242106752270686E+001
YO4_QF8_PS[I] = -5.00000000000000000E+000
