Q1APF[K1] = -8.20633564415554490E-02
Q1BPF[K1] = -4.75085874519861340E-02
Q2PF[K1] =  4.49673932425164735E-002
Q3PF[K1] =  8.19149229605742974E-004
H5_Q04_I[I] = -7.92472513807781382E+001
H5_Q05_I[I] =  1.11819053336555658E+003
H5_Q06_I[I] = -3.76003403586311833E+002
H5_Q07_I[I] =  7.87035956839993219E+002
H5_Q08_I[I] = -8.24555077118977238E+002
H5_Q09_I[I] =  6.36914976657649618E+002
H5_Q10_I[I] = -6.98037609136301285E+002
H5_Q11_I[I] =  8.34096093538404830E+002
B0APF[DB_FIELD] = -2.72119631568315157E+000
OV_B1PF[DB_FIELD] =  4.85322808691717400E-001
h5_tq05_i[i] = 0
h5_tq06_i[i] = 0
h5_tq11_i[i] = 0
Q1APR[K1] = -8.49515728172001716E-002
Q1BPR[K1] = Q1APR[K1]
Q2PR[K1] =  4.55622466160203812E-002
H6_Q3[K1] = -1.41740086068257564E-002
H6_Q04_I[I] = -2.25766243679783230E+002
H6_Q05_I[I] =  4.95290457879283110E+002
H6_Q06_I[I] = -5.52213553892769369E+002
H6_Q07_I[I] =  5.73125307037133780E+002
H6_Q08_I[I] = -7.39690873690473268E+002
H6_Q09_I[I] =  6.83894274262457884E+002
H6_Q10_I[I] = -9.79304358307203188E+002
h6_tq06_i[i] = 0
h6_tq08_i[i] = 0
h6_tq10_i[i] = 0
