Q1APF, K1 = -8.19950787211038562E-02;
Q1BPF, K1 = -4.74690597237313536E-02;
Q2PF, K1 = 4.49549928951764807E-002;
Q3PF, K1 = 7.07397459846868500E-004;
H5_Q04_I = -1.16229801645839800E+002;
H5_Q05_I = 1.20739602766503072E+003;
H5_Q06_I = -4.09381546353455803E+002;
H5_Q07_I = 7.65874516161094903E+002;
H5_Q08_I = -8.76005398230477795E+002;
H5_Q09_I = 5.75842463977957323E+002;
H5_Q10_I = -5.07832377919029398E+002;
H5_Q11_I = 6.04557752117350901E+002;
B0APF, K0 := -(-2.55900224150664801E+000)/beam->brho;
B1PF, K0 := -(5.76116965034200623E-001)/beam->brho;
h5_tq05_i = 0;
h5_tq06_i = 0;
h5_tq11_i = 0;
Q1APR, K1 = -8.49273260912994932E-002;
Q1BPR, K1 := Q1APR->K1;
Q2PR, K1 = 4.55565665524250013E-002;
H6_Q3, K1 = -1.41312236315434860E-002;
H6_Q04_I = -2.25089506043698691E+002;
H6_Q05_I = 4.86298525987917401E+002;
H6_Q06_I = -5.54176515459999564E+002;
H6_Q07_I = 5.76481152762436750E+002;
H6_Q08_I = -7.44826977314329156E+002;
H6_Q09_I = 6.61143767453948726E+002;
H6_Q10_I = -9.76871393212206158E+002;
h6_tq06_i = 0;
h6_tq08_i = 0;
h6_tq10_i = 0;
kb0pf := -8.12223828336297515E+00/beam->brho;
