Q1APF[K1] = -9.31810194917167545E-02
Q1BPF[K1] = -5.39448885025831798E-02
Q2PF[K1] =  4.49464289447028750E-002
Q3PF[K1] =  1.33129370489601089E-002
H5_Q04_I[I] = -5.49427028353618851E+001
H5_Q05_I[I] =  8.94101630995094411E+002
H5_Q06_I[I] = -3.18165299933178858E+002
H5_Q07_I[I] =  7.21772354750441878E+002
H5_Q08_I[I] = -8.04318528708948747E+002
H5_Q09_I[I] =  7.38180237067437929E+002
H5_Q10_I[I] = -7.38650732790891425E+002
H5_Q11_I[I] =  9.22502014715161295E+002
B0APF[DB_FIELD] = -7.05405160375127127E-001
OV_B1PF[DB_FIELD] =  4.44868638191772803E-001
h5_tq05_i[i] = 0
h5_tq06_i[i] = 0
h5_tq11_i[i] = 0
Q1APR[K1] = -8.49515728172001716E-002
Q1BPR[K1] = Q1APR[K1]
Q2PR[K1] =  4.55622466160203812E-002
H6_Q3[K1] = -1.41740086068257564E-002
H6_Q04_I[I] = -2.25766243679783230E+002
H6_Q05_I[I] =  4.95290457879283110E+002
H6_Q06_I[I] = -5.52213553892769369E+002
H6_Q07_I[I] =  5.73125307037133780E+002
H6_Q08_I[I] = -7.39690873690473268E+002
H6_Q09_I[I] =  6.83894274262457884E+002
H6_Q10_I[I] = -9.79304358307203188E+002
h6_tq06_i[i] = 0
h6_tq08_i[i] = 0
h6_tq10_i[i] = 0
p100=sqrt(100e9^2-m_proton^2)
b0pf[b1_gradient]=8.12223828336297515E+00*p041/p100
b0pf[db_field] = xb0hf*b0pf[b1_gradient]
