Q1APF[K1] = -8.19950787211038562E-02
Q1BPF[K1] = -4.74690597237313536E-02
Q2PF[K1] =  4.49544333069032825E-002
Q3PF[K1] =  6.97063909251435148E-004
H5_Q04_I[I] = -1.16194101067189536E+002
H5_Q05_I[I] =  1.20794283230563860E+003
H5_Q06_I[I] = -4.04561532439239159E+002
H5_Q07_I[I] =  7.69210145168015856E+002
H5_Q08_I[I] = -8.71421065875735394E+002
H5_Q09_I[I] =  5.76806863953434345E+002
H5_Q10_I[I] = -5.09809923899045145E+002
H5_Q11_I[I] =  6.05772100335086520E+002
B0APF[DB_FIELD] = -2.82739496717840266E+000
OV_B1PF[DB_FIELD] =  5.60074999774115678E-001
h5_tq05_i[i] = 0
h5_tq06_i[i] = 0
h5_tq11_i[i] = 0
Q1APR[K1] = -8.49515728172001716E-002
Q1BPR[K1] = Q1APR[K1]
Q2PR[K1] =  4.55622466160203812E-002
H6_Q3[K1] = -1.41740086068257564E-002
H6_Q04_I[I] = -2.25766243679783230E+002
H6_Q05_I[I] =  4.95290457879283110E+002
H6_Q06_I[I] = -5.52213553892769369E+002
H6_Q07_I[I] =  5.73125307037133780E+002
H6_Q08_I[I] = -7.39690873690473268E+002
H6_Q09_I[I] =  6.83894274262457884E+002
H6_Q10_I[I] = -9.79304358307203188E+002
h6_tq06_i[i] = 0
h6_tq08_i[i] = 0
h6_tq10_i[i] = 0
