Q1APF[K1] = -8.20458749543930416E-02
Q1BPF[K1] = -4.74984669694996781E-02
Q2PF[K1] =  4.49619165101355633E-002
Q3PF[K1] =  8.29564615590959800E-004
H5_Q04_I[I] = -1.00677272965214144E+002
H5_Q05_I[I] =  1.17779105453265061E+003
H5_Q06_I[I] = -3.77586409408477948E+002
H5_Q07_I[I] =  7.73913451452065488E+002
H5_Q08_I[I] = -8.32986369170606849E+002
H5_Q09_I[I] =  5.93395682499347345E+002
H5_Q10_I[I] = -5.95716017825790686E+002
H5_Q11_I[I] =  7.06960526906855762E+002
B0APF[DB_FIELD] = -2.59342650377185047E+000
OV_B1PF[DB_FIELD] =  4.68223840413278747E-001
h5_tq05_i[i] = 0
h5_tq06_i[i] = 0
h5_tq11_i[i] = 0
Q1APR[K1] = -8.49515728172001716E-002
Q1BPR[K1] = Q1APR[K1]
Q2PR[K1] =  4.55622466160203812E-002
H6_Q3[K1] = -1.41740086068257564E-002
H6_Q04_I[I] = -2.25766243679783230E+002
H6_Q05_I[I] =  4.95290457879283110E+002
H6_Q06_I[I] = -5.52213553892769369E+002
H6_Q07_I[I] =  5.73125307037133780E+002
H6_Q08_I[I] = -7.39690873690473268E+002
H6_Q09_I[I] =  6.83894274262457884E+002
H6_Q10_I[I] = -9.79304358307203188E+002
h6_tq06_i[i] = 0
h6_tq08_i[i] = 0
h6_tq10_i[i] = 0
