Y8_Q6_PS[I] =  1.40000000000000000E+001
Y8_Q7_PS[I] =  1.12223208475973422E+002
Y8_Q89_PS[I] =  1.34970786954427879E+001
YI7_QF1_PS[I] =  1.69752460893542185E+001
YI7_QD2_PS[I] =  1.14265158101504287E+001
YI7_QF3_PS[I] = -7.56186375730947589E+001
YI7_TQ4_PS[I] =  1.27919577954904753E+001
YI7_TQ5_PS[I] =  1.07290322547802486E+000
YI7_TQ6_PS[I] = -1.19474837466529182E+000
YI7_QF9_PS[I] = -2.39642451018766600E+001
YO8_QD1_PS[I] =  1.76357277117181823E+001
YO8_QF2_PS[I] =  1.45144853067486519E+001
YO8_QD3_PS[I] = -7.98839226146151589E+001
YO8_TQ4_PS[I] = -1.33606264360186646E+001
YO8_TQ5_PS[I] = -2.22563054463440296E-001
YO8_TQ6_PS[I] =  3.86542926312655744E-001
YO8_QF8_PS[I] = -5.00000000000000000E+000
