Y12_Q6_PS[I] = +6.19551998622863849e+01*p100/p275
Y12_Q7_PS[I] = +5.02044800137713594e+02*p100/p275
Y12_Q89_PS[I] = +5.73094799252517930e+01*p100/p275
YI11_QF1_PS[I] = +6.19551998622863849e+01*p100/p275
YI11_QD2_PS[I] = +7.83443381470511042e+01*p100/p275
YI11_QF3_PS[I] = -2.43203063072287620e+02*p100/p275
YI11_TQ4_PS[I] = +5.20448001377136151e+01*p100/p275
YI11_TQ5_PS[I] = +2.14934154108448254e+01*p100/p275
YI11_TQ6_PS[I] = -2.59274773982001285e+01*p100/p275
YI11_QF9_PS[I] = -5.29551998622863849e+01*p100/p275
YO12_QD1_PS[I] = +6.19551998622863849e+01*p100/p275
YO12_QF2_PS[I] = +9.20448001377136222e+01*p100/p275
YO12_QD3_PS[I] = -2.38793488990554664e+02*p100/p275
YO12_TQ4_PS[I] = -3.00942213089877626e+01*p100/p275
YO12_TQ5_PS[I] = -3.07122338305886089e+01*p100/p275
YO12_TQ6_PS[I] = +3.00926812075011583e+01*p100/p275
YO12_QF8_PS[I] = -1.02044800137713622e+02*p100/p275
