Q1APF[K1] = -9.13298332635110038E-02
Q1BPF[K1] = -5.28731891884653138E-02
Q2PF[K1] =  4.52798877932166222E-002
Q3PF[K1] = -1.66484029865133880E-002
H5_Q04_I[I] = -8.11066815451253774E+002
H5_Q05_I[I] =  1.65013956063396108E+003
H5_Q06_I[I] = -2.46965663085905044E+003
H5_Q07_I[I] =  2.13088186743967026E+003
H5_Q08_I[I] = -1.88667096405253642E+003
H5_Q09_I[I] =  1.86614259056553010E+003
H5_Q10_I[I] = -1.88713497000020311E+003
H5_Q11_I[I] =  2.68235044384623552E+003
B0APF[DB_FIELD] = -1.72158676178024783E+000
OV_B1PF[DB_FIELD] =  1.08440659595080380E+000
h5_tq05_i[i] = 0
h5_tq06_i[i] = 0
h5_tq11_i[i] = 0
Q1APR[K1] = -8.59383684832061567E-002
Q1BPR[K1] = Q1APR[K1]
Q2PR[K1] =  4.61202345438754338E-002
H6_Q3[K1] = -3.70131174729031245E-002
H6_Q04_I[I] = -7.14974510418727391E+002
H6_Q05_I[I] =  2.32833450614619642E+003
H6_Q06_I[I] = -1.50831326678624623E+003
H6_Q07_I[I] =  1.72560037408375797E+003
H6_Q08_I[I] = -1.80260444500130552E+003
H6_Q09_I[I] =  1.90337901934137949E+003
H6_Q10_I[I] = -2.38831698573959829E+003
h6_tq05_i[i] = 0
h6_tq06_i[i] = 0
h6_tq07_i[i] = 0
h6_tq08_i[i] = 0
h6_tq10_i[i] = 0
