Q1APF[K1] = -9.06069740839458432E-02
Q1BPF[K1] = -5.24547074197808869E-02
Q2PF[K1] =  4.54639254820225006E-002
Q3PF[K1] = -3.42540339396703378E-002
H5_Q04_I[I] = -8.83835414018095094E+002
H5_Q05_I[I] =  1.43789927694250787E+003
H5_Q06_I[I] = -2.69981432228901986E+003
H5_Q07_I[I] =  1.89054107989259478E+003
H5_Q08_I[I] = -1.77372973559915567E+003
H5_Q09_I[I] =  1.46341740838231522E+003
H5_Q10_I[I] = -1.56948959667894064E+003
H5_Q11_I[I] =  2.08532667635709186E+003
B0APF[DB_FIELD] = -1.72292288734757282E+000
OV_B1PF[DB_FIELD] =  1.08388328517522314E+000
h5_tq05_i[i] = 0
h5_tq06_i[i] = 0
h5_tq11_i[i] = 0
Q1APR[K1] = -8.58504108260391280E-002
Q1BPR[K1] = Q1APR[K1]
Q2PR[K1] =  4.61013067272564928E-002
H6_Q3[K1] = -3.69281664527005005E-002
H6_Q04_I[I] = -7.15496925071650708E+002
H6_Q05_I[I] =  2.41377595420607304E+003
H6_Q06_I[I] = -1.51344672178694873E+003
H6_Q07_I[I] =  1.75388903054536991E+003
H6_Q08_I[I] = -1.82696554297281000E+003
H6_Q09_I[I] =  1.82065179332661000E+003
H6_Q10_I[I] = -2.38135301267224577E+003
h6_tq05_i[i] = 0
h6_tq06_i[i] = 0
h6_tq07_i[i] = 0
h6_tq08_i[i] = 0
h6_tq10_i[i] = 0
