YO9_QD1_PS[I] =  5.90000018657331395E+001
YO9_QF2_PS[I] = +9.87878506680192174e+01
YO9_QD3_PS[I] = -5.08132027032205755e+01
YO9_TQ4_PS[I] = +1.35190446017192443e+01
YO9_TQ5_PS[I] = -5.16532717964056829e+01
YO9_TQ6_PS[I] = +4.43936400621038985e+01
YO9_QF6_PS[I] = +1.27045506100816354e+02
YO9_QD7_PS[I] =  2.65855781847529727E+002
YO9_QF8_PS[I] = -5.00000000002345431E+001
YO9_QD9_PS[I] = -1.05854064631988987E+001
YI10_QF1_PS[I] =  9.37005989235016017E+001
YI10_QD2_PS[I] =  9.50000000000000000E+001
YI10_QF3_PS[I] = -3.71253957256702876e+01
YI10_TQ4_PS[I] = -2.12448200975503765e+00
YI10_TQ5_PS[I] = +4.48853165325457439e+01
YI10_TQ6_PS[I] = -4.95135081341526160e+01
YI10_QD6_PS[I] = +1.27045506100816354e+02
YI10_QF7_PS[I] =  2.65855781847529727E+002
YI10_QF9_PS[I] = -7.66575562136052469E+001
YI10_Q89_PS[I] = -1.05854064631988987E+001
