YO9_QD1_PS = +8.85105850146854323e+01;
YO9_QF2_PS = +6.54894149853145677e+01;
YO9_QD3_PS = -1.93915297667167010e+02;
YO9_TQ4_PS = -9.43154418070405320e+00;
YO9_TQ5_PS = -3.93977782980754085e+01;
YO9_TQ6_PS = +1.98161548886475245e+01;
YO9_QF6_PS = +8.85105850146854323e+01;
YO9_QD7_PS = +4.75489414985314568e+02;
YO9_QF8_PS = -7.54894149853145677e+01;
YO9_QD9_PS = -2.03489414985314568e+02;
YI10_QF1_PS = +6.26914072924050600e+01;
YI10_QD2_PS = +6.54894149853145677e+01;
YI10_QF3_PS = -8.85105850146854323e+01;
YI10_TQ4_PS = +2.54894149853145606e+01;
YI10_TQ5_PS = +2.75930450121178161e+01;
YI10_TQ6_PS = -2.10377427344041408e+01;
YI10_QD6_PS = +2.84123200010869482e+02;
YI10_QF7_PS = +1.42796285948096028e+02;
YI10_QF9_PS = -7.54894149853145677e+01;
YI10_Q89_PS = -2.03489414985314568e+02;
