YO9_QD1_PS[I] = +4.53778666318941148e+01
YO9_QF2_PS[I] =  1.04999999999993577E+002
YO9_QD3_PS[I] = -1.76050121345172670e+02
YO9_TQ4_PS[I] = -2.26097095964830519E+000
YO9_TQ5_PS[I] = -4.25362234652287938E+001
YO9_TQ6_PS[I] = +5.28320844196855006e+01
YO9_QF6_PS[I] =  2.14551006620908140E+002
YO9_QD7_PS[I] = +3.02339909841019846e+02
YO9_QF8_PS[I] = -4.84644471296206873e+01
YO9_QD9_PS[I] = -1.90823955903225084e+02
YI10_QF1_PS[I] = +4.85539181845841910e+01
YI10_QD2_PS[I] = +1.06166180646098937e+02
YI10_QF3_PS[I] = -1.51582197228710328E+002
YI10_TQ4_PS[I] =  3.83807937239371588E+000
YI10_TQ5_PS[I] =  4.22967302322534877E+001
YI10_TQ6_PS[I] = -6.49805362941055620e+01
YI10_QD6_PS[I] =  2.14551006620908140E+002
YI10_QF7_PS[I] = +3.02339909841019846e+02
YI10_QF9_PS[I] = -1.22683955385461815e+02
YI10_Q89_PS[I] = -1.90823955903225084e+02
