YI11_QF1_PS = +4.54028284531460997E+001;
YI11_QD2_PS = +7.55159223018953440e+01;
YI11_QF3_PS = -2.33856903236462784e+02;
YI11_TQ4_PS = +6.11787352246006293E+001;
YI11_TQ5_PS = +1.84867876443368004e+01;
YI11_TQ6_PS = -3.02598094123495969e+01;
YI11_QF9_PS = -4.01036020146535677e+01;
YO12_QD1_PS = +4.06482581125669924E+001;
YO12_QF2_PS = +9.36545984509206590e+01;
YO12_QD3_PS = -2.33135191256281587e+02;
YO12_TQ4_PS = -2.94954035767011078e+01;
YO12_TQ5_PS = -3.18505179651052153e+01;
YO12_TQ6_PS = +3.02061353471606040e+01;
YO12_QF8_PS = -1.12178735224578588E+002;
Y12_Q6_PS = +3.98212840682733642E+001;
Y12_Q7_PS = +5.07824225693716528E+002;
Y12_Q89_PS = +2.46178734855758307E+002;
