Y12_Q6_PS = +6.19551998622863849e+01;
Y12_Q7_PS = +4.75594565104854837e+02;
Y12_Q89_PS = -7.13419710147651820e-01;
YI11_QF1_PS = +8.59140438929921118e+01;
YI11_QD2_PS = +8.60118713140480224e+01;
YI11_QF3_PS = -2.43203063072287620e+02;
YI11_TQ4_PS = +5.20448001377136151e+01;
YI11_TQ5_PS = +2.14934154108448254e+01;
YI11_TQ6_PS = -2.23315932577921465e+01;
YI11_QF9_PS = -4.08862431829713131e+01;
YO12_QD1_PS = +7.34974623091187595e+01;
YO12_QF2_PS = +9.20448001377136222e+01;
YO12_QD3_PS = -2.32896985126626504e+02;
YO12_TQ4_PS = -3.00942213089877626e+01;
YO12_TQ5_PS = -3.07122338305886089e+01;
YO12_TQ6_PS = +2.94353656838324724e+01;
YO12_QF8_PS = -7.65544004282649979e+01;
