H01O_Q1_I[I] = -4.44791907132640790E+003
H01O_Q2_I[I] =  3.24774990645203161E+003
H01O_Q3_I[I] = -2.83876205716408413E+003
H01O_Q4_I[I] =  1.26417681885113984E+003
H01O_Q5_I[I] = -1.11713132967713977E+003
H01O_Q6_I[I] =  4.61285618602913473E+002
H01O_Q7_I[I] =  1.74752907434904910E+003
H02_Q1_I[I] = -5.32500000000000000E+003
H02_Q2_I[I] =  4.65145620738097023E+003
H02_Q3_I[I] = -3.48922547574594682E+003
H02_Q4_I[I] = -1.59737496958291081E+003
H02_Q5_I[I] =  4.65345410772629475E+003
H02_Q6_I[I] = -2.79556852931753610E+003
H01O_TQ4_I[I] =  0.00000000000000000E+000
H01O_TQ5_I[I] =  0.00000000000000000E+000
H01O_TQ6_I[I] =  0.00000000000000000E+000
H01O_TQ7_I[I] =  0.00000000000000000E+000
H02_TQ4_I[I] =  0.00000000000000000E+000
H02_TQ5_I[I] =  0.00000000000000000E+000
H02_TQ6_I[I] =  0.00000000000000000E+000
h01o_q00b[k1] = 0.000000000000000e+00
h01o_q00a[k1] = 0.000000000000000e+00
h02_q00a[k1] = 0.000000000000000e+00
h02_q00b[k1] = 0.000000000000000e+00
