H01O_Q1_I[I] = -5.30839996986246661E+003
H01O_Q2_I[I] =  2.81047864328927017E+003
H01O_Q3_I[I] = -7.12782879999871398e+02
H01O_Q4_I[I] = -6.25961242830310383e+01
H01O_Q5_I[I] = -1.49819031480710350e+03
H01O_Q6_I[I] = +1.41702283136860319e+03
H01O_Q7_I[I] =  1.17650952016113115E+003
H02_Q1_I[I] = -5.32500000000000000E+003
H02_Q2_I[I] = +4.88301892080407288e+03
H02_Q3_I[I] = -4.06222177369400561e+03
H02_Q4_I[I] = -1.16175738322877442e+03
H02_Q5_I[I] = +4.41140920193120746e+03
H02_Q6_I[I] = -2.95403638326073587e+03
H01O_TQ4_I[I] =  0.00000000000000000E+000
H01O_TQ5_I[I] =  0.00000000000000000E+000
H01O_TQ6_I[I] =  0.00000000000000000E+000
H01O_TQ7_I[I] =  0.00000000000000000E+000
H02_TQ4_I[I] =  0.00000000000000000E+000
H02_TQ5_I[I] =  0.00000000000000000E+000
H02_TQ6_I[I] =  0.00000000000000000E+000
