H01O_Q1_I[I] = -5.30839996986246661E+003
H01O_Q2_I[I] =  2.81047864328927017E+003
H01O_Q3_I[I] = -7.41258770628473030e+02
H01O_Q4_I[I] = +1.46198919364636993e+02
H01O_Q5_I[I] = -1.70832393381221596e+03
H01O_Q6_I[I] = +1.52915743662644309e+03
H01O_Q7_I[I] =  1.17650952016113115E+003
H02_Q1_I[I] = -5.32500000000000000E+003
H02_Q2_I[I] = +4.88191815952679644e+03
H02_Q3_I[I] = -4.07217391676229408e+03
H02_Q4_I[I] = -1.15317558663944442e+03
H02_Q5_I[I] = +4.47579734900768653e+03
H02_Q6_I[I] = -3.02140829293676552e+03
H01O_TQ4_I[I] =  0.00000000000000000E+000
H01O_TQ5_I[I] =  0.00000000000000000E+000
H01O_TQ6_I[I] =  0.00000000000000000E+000
H01O_TQ7_I[I] =  0.00000000000000000E+000
H02_TQ4_I[I] =  0.00000000000000000E+000
H02_TQ5_I[I] =  0.00000000000000000E+000
H02_TQ6_I[I] =  0.00000000000000000E+000
