YI3_QD6_PS = 6.19551998622863849E+001;
YI3_QF7_PS = +5.14035936222890882e+02;
Y4_Q89_PS = +4.59119252712347716e+01;
YI3_QF1_PS = +7.11690673443087434e+01;
YI3_QD2_PS = +5.55987944587811285e+01;
YI3_QF3_PS = -2.43203063072287620E+002;
YI3_TQ4_PS = 5.20448001377136151E+001;
YI3_TQ5_PS = 2.14934154108448254E+001;
YI3_TQ6_PS = -2.59871926260076087e+01;
YI3_QF9_PS = -2.64132882201304255e+02;
YO4_QD1_PS = +5.00251263457151438e+01;
YO4_QF2_PS = 9.20448001377136222E+001;
YO4_QD3_PS = -2.67348404858795845e+02;
YO4_TQ4_PS = -3.00942213089877626E+001;
YO4_TQ5_PS = -3.07122338305886089E+001;
YO4_TQ6_PS = +3.71489045641683049e+01;
YO4_QF8_PS = -7.15084461854381175e+01;
YO4_QF6_PS := YI3_QD6_PS;
YO4_QD7_PS := YI3_QF7_PS;
