YI3_QD6_PS[I] =  1.72069360387277754E+002
YI3_QF7_PS[I] = 3.47704804526800785E+002
Y4_Q89_PS[I] =  9.60646125767046186E+001
YI3_QF1_PS[I] =  6.40000743092465711E+001
YI3_QD2_PS[I] = +7.48641156832571255e+01
YI3_QF3_PS[I] = -1.87179261345698364e+02
YI3_TQ4_PS[I] =  4.23203104024755348E+001
YI3_TQ5_PS[I] = +2.37150699967980287e+01
YI3_TQ6_PS[I] = -2.85706846053865320e+01
YI3_QF9_PS[I] = -7.47752534963838116e+01
YO4_QD1_PS[I] =  6.40000248409205028E+001
YO4_QF2_PS[I] = +8.33640254027883429e+01
YO4_QD3_PS[I] = -2.10070541600370319e+02
YO4_TQ4_PS[I] = -3.92194323407277210e+01
YO4_TQ5_PS[I] = -2.56667406827866316e+01
YO4_TQ6_PS[I] = +1.07846080467203382e+01
YO4_QF8_PS[I] = -9.99998840678534719E+001
YO4_QF6_PS[I] = YI3_QD6_PS[I]
YO4_QD7_PS[I] = YI3_QF7_PS[I]
