YI3_QD6_PS = 1.72069360387277754E+002;
YI3_QF7_PS = 3.47704804526800785E+002;
Y4_Q89_PS = 9.60646125767046186E+001;
YI3_QF1_PS = 6.40000743092465711E+001;
YI3_QD2_PS = +7.48641156832571255e+01;
YI3_QF3_PS = -1.87179261345698364e+02;
YI3_TQ4_PS = 4.23203104024755348E+001;
YI3_TQ5_PS = +2.37150699967980287e+01;
YI3_TQ6_PS = -2.85706846053865320e+01;
YI3_QF9_PS = -7.47752534963838116e+01;
YO4_QD1_PS = 6.40000248409205028E+001;
YO4_QF2_PS = +8.33640254027883429e+01;
YO4_QD3_PS = -2.10070541600370319e+02;
YO4_TQ4_PS = -3.92194323407277210e+01;
YO4_TQ5_PS = -2.56667406827866316e+01;
YO4_TQ6_PS = +1.07846080467203382e+01;
YO4_QF8_PS = -9.99998840678534719E+001;
YO4_QF6_PS := YI3_QD6_PS;
YO4_QD7_PS := YI3_QF7_PS;
