Q1APF[K1] = -9.05151204894409089E-02
Q1BPF[K1] = -5.24015310117402905E-02
Q2PF[K1] =  3.75945715418138302E-002
Q3PF[K1] =  1.31552460456308331E-002
H5_Q04_I[I] = -2.68288552466028068E+003
H5_Q05_I[I] =  5.16914387955931215E+003
H5_Q06_I[I] = -5.28719846216359201E+003
H5_Q07_I[I] =  3.67008298898046223E+003
H5_Q08_I[I] = -3.97163757497833649E+003
H5_Q09_I[I] =  3.69401838941711867E+003
H5_Q10_I[I] = -1.11773568355430098E+003
H5_Q11_I[I] =  1.53552241276439418E+003
B0APF[DB_FIELD] =  2.59326564203156762E+000
OV_B1PF[DB_FIELD] =  2.82797761285512861E+000
h5_tq05_i[i] = 30
h5_tq06_i[i] = -110
h5_tq11_i[i] = 0
Q1APR[K1] = -8.18531461058156634E-002
Q1BPR[K1] = Q1APR[K1]
Q2PR[K1] =  3.58388201152460770E-002
H6_Q3[K1] =  1.27165076236999408E-002
H6_Q04_I[I] = -1.70443877628054815E+003
H6_Q05_I[I] =  4.49651262564795707E+003
H6_Q06_I[I] = -5.17560795456221331E+003
H6_Q07_I[I] =  4.93280689418483780E+003
H6_Q08_I[I] = -5.29676836100112178E+003
H6_Q09_I[I] =  4.32085679350299324E+003
H6_Q10_I[I] = -4.82824239160548495E+003
h6_tq05_i[i] = 0
h6_tq06_i[i] = -100
h6_tq07_i[i] = 0
h6_tq08_i[i] = -100
h6_tq10_i[i] = -75
