B0APF[DB_FIELD] = +2.26840357361248346E+000
OV_B1PF[DB_FIELD] = +3.04802595380666297E+000
Q1PF[B1_GRADIENT] = +7.01923309176609678E+001
Q2PF[B1_GRADIENT] = -4.74381070727278242E+001
Q3PF[K1] = +1.20454264986111920E-002
H5_Q04_I[I] = -2.72992222433743609E+003
H5_Q05_I[I] =  5.32500000000000000E+003
H5_Q06_I[I] = -5.24875015988192263E+003
H5_Q07_I[I] =  5.18138110291566773E+003
H5_Q08_I[I] = -4.15980721398182777E+003
H5_Q09_I[I] =  4.09446342090251164E+003
H5_Q10_I[I] = -1.83013809922374116E+003
H5_Q11_I[I] =  2.00000000000000000E+003
h5_tq05_i[i] = 30
h5_tq06_i[i] = -110
h5_tq11_i[i] = 0
Q1APR[K1] = -8.18531461058156634E-002
Q1BPR[K1] = Q1APR[K1]
Q2PR[K1] =  3.58388201152460770E-002
H6_Q3[K1] =  1.27165076236999408E-002
H6_Q04_I[I] = -1.70443877628054815E+003
H6_Q05_I[I] =  4.49651262564795707E+003
H6_Q06_I[I] = -5.17560795456221331E+003
H6_Q07_I[I] =  4.93280689418483780E+003
H6_Q08_I[I] = -5.29676836100112178E+003
H6_Q09_I[I] =  4.32085679350299324E+003
H6_Q10_I[I] = -4.82824239160548495E+003
h6_tq05_i[i] = 0
h6_tq06_i[i] = -100
h6_tq07_i[i] = 0
h6_tq08_i[i] = -100
h6_tq10_i[i] = -75
