B0APF[DB_FIELD] = +2.42513393138882227E+000
OV_B1PF[DB_FIELD] = +3.05367494203395395E+000
Q1PF[B1_GRADIENT] = +7.01926927966576670E+001
Q2PF[B1_GRADIENT] = -4.74384407363406808E+001
Q3PF[K1] = +1.20449570273157679E-002
H5_Q04_I[I] = -2.72993446253520005E+003
H5_Q05_I[I] =  5.32500000000000000E+003
H5_Q06_I[I] = -5.24866611209391158E+003
H5_Q07_I[I] =  5.18135484808550973E+003
H5_Q08_I[I] = -4.15973247955002444E+003
H5_Q09_I[I] =  4.09446526534627537E+003
H5_Q10_I[I] = -1.83012590807705010E+003
H5_Q11_I[I] =  2.00000000000000000E+003
h5_tq05_i[i] = 30
h5_tq06_i[i] = -110
h5_tq11_i[i] = 0
Q1APR[K1] = -8.18531461058156634E-002
Q1BPR[K1] = Q1APR[K1]
Q2PR[K1] =  3.58388201152460770E-002
H6_Q3[K1] =  1.27165076236999408E-002
H6_Q04_I[I] = -1.70443877628054815E+003
H6_Q05_I[I] =  4.49651262564795707E+003
H6_Q06_I[I] = -5.17560795456221331E+003
H6_Q07_I[I] =  4.93280689418483780E+003
H6_Q08_I[I] = -5.29676836100112178E+003
H6_Q09_I[I] =  4.32085679350299324E+003
H6_Q10_I[I] = -4.82824239160548495E+003
h6_tq05_i[i] = 0
h6_tq06_i[i] = -100
h6_tq07_i[i] = 0
h6_tq08_i[i] = -100
h6_tq10_i[i] = -75
