Q1APF, K1 = -9.05432924648459092E-02;
Q1BPF, K1 = -5.24178404927956657E-02;
Q2PF, K1 = 3.75984147094149401E-002;
Q3PF, K1 = 1.05486277034462540E-002;
H5_Q04_I = -2.69483087404957223E+003;
H5_Q05_I = 5.32500000000000000E+003;
H5_Q06_I = -5.32500000000000000E+003;
H5_Q07_I = 3.50426771425756169E+003;
H5_Q08_I = -3.41013151455916750E+003;
H5_Q09_I = 3.61667811121431669E+003;
H5_Q10_I = -3.30948231430770329E+003;
H5_Q11_I = 2.93703936407112860E+003;
kb0pf := -8.12223828336297515E+00/beam->brho;
B0APF, K0 := -(3.29838634453822177E+000)/beam->brho;
B1PF, K0 := -(3.40021431255941886E+000)/beam->brho;
h5_tq05_i = 0;
h5_tq06_i = -110;
h5_tq11_i = 30;
Q1APR, K1 = -8.22140440454728894E-002;
Q1BPR, K1 := Q1APR->K1;
Q2PR, K1 = 2.85014043863610275E-002;
H6_Q3, K1 = 1.23470077519668101E-002;
H6_Q04_I = -1.59023670927757212E+003;
H6_Q05_I = 4.24084912607224578E+003;
H6_Q06_I = -5.26335649948132868E+003;
H6_Q07_I = 4.76417829139921741E+003;
H6_Q08_I = -5.31049168733162151E+003;
H6_Q09_I = 4.88851346320098583E+003;
H6_Q10_I = -4.95005182867507665E+003;
h6_tq06_i = -100;
h6_tq08_i = -100;
h6_tq10_i = -75;
