Q1APF[K1] = -9.04892438361291906E-02
Q1BPF[K1] = -5.23865503516730904E-02
Q2PF[K1] =  3.75851159149435260E-002
Q3PF[K1] =  1.05610513794922190E-002
H5_Q04_I[I] = -2.71632657758049118e+03
H5_Q05_I[I] =  5.28761817720718773E+003
H5_Q06_I[I] = -5.32500000000000000E+003
H5_Q07_I[I] = +3.48222771225937731e+03
H5_Q08_I[I] = -3.36291922388576404e+03
H5_Q09_I[I] = +3.89125429517271596e+03
H5_Q10_I[I] = -3.61134615710856497e+03
H5_Q11_I[I] = +3.71713932675687420e+03
B0APF[DB_FIELD] =  3.29765484487355964E+000
B1PF[DB_FIELD] =  3.40031153243871476E+000
h5_tq05_i[i] = 20
h5_tq06_i[i] = -110
h5_tq11_i[i] = 0
Q1APR[K1] = -8.09365859277967337E-002
Q1BPR[K1] = Q1APR[K1]
Q2PR[K1] =  3.56165187958635554E-002
H6_Q3[K1] =  1.29607665279193578E-002
H6_Q04_I[I] = -1.69199648652339056e+03
H6_Q05_I[I] = +4.17977322728744275e+03
H6_Q06_I[I] = -5.31054900034572438E+003
H6_Q07_I[I] = +4.53656407055667114e+03
H6_Q08_I[I] = -4.99336959333419236e+03
H6_Q09_I[I] = +4.01057813402426564e+03
H6_Q10_I[I] = -4.80453080327068619e+03
h6_tq05_i[i] = 0
h6_tq06_i[i] = -105
h6_tq07_i[i] = 0
h6_tq08_i[i] = -100
h6_tq10_i[i] = -75
