Q1APF, K1 = -9.04892438361291906E-02;
Q1BPF, K1 = -5.23865503516730904E-02;
Q2PF, K1 = 3.75851159149435260E-002;
Q3PF, K1 = 1.05610513794922190E-002;
H5_Q04_I = -2.71503069975793460E+003;
H5_Q05_I = 5.28761817720718773E+003;
H5_Q06_I = -5.32500000000000000E+003;
H5_Q07_I = 3.47058926649509567E+003;
H5_Q08_I = -3.38270722613939915E+003;
H5_Q09_I = 3.87888044691605319E+003;
H5_Q10_I = -3.50001321694165699E+003;
H5_Q11_I = 3.57409648701051310E+003;
kb0pf := -8.12223828336297515E+00/beam->brho;
B0APF, K0 := -(3.29765484487355964E+000)/beam->brho;
B1PF, K0 := -(3.40031153243871476E+000)/beam->brho;
h5_tq05_i = 20;
h5_tq06_i = -110;
h5_tq11_i = 0;
Q1APR, K1 = -8.17888651134138500E-002;
Q1BPR, K1 := Q1APR->K1;
Q2PR, K1 = 3.58232874480563859E-002;
H6_Q3, K1 = 1.27336580692691305E-002;
H6_Q04_I = -1.60848865986339001E+003;
H6_Q05_I = 4.62810879144962382E+003;
H6_Q06_I = -5.15055204405332006E+003;
H6_Q07_I = 4.99370212482911211E+003;
H6_Q08_I = -5.32500000000000000E+003;
H6_Q09_I = 4.68481590237973523E+003;
H6_Q10_I = -4.96313990294219639E+003;
h6_tq06_i = -100;
h6_tq08_i = -100;
h6_tq10_i = -75;
