Q1APF[K1] = -9.04892438361291906E-02
Q1BPF[K1] = -5.23865503516730904E-02
Q2PF[K1] =  3.75851159149435260E-002
Q3PF[K1] =  1.05610513794922190E-002
H5_Q04_I[I] = -2.71503069975793460E+003
H5_Q05_I[I] =  5.28761817720718773E+003
H5_Q06_I[I] = -5.32500000000000000E+003
H5_Q07_I[I] =  3.47058926649509567E+003
H5_Q08_I[I] = -3.38270722613939915E+003
H5_Q09_I[I] =  3.87888044691605319E+003
H5_Q10_I[I] = -3.50001321694165699E+003
H5_Q11_I[I] =  3.57409648701051310E+003
B0APF[DB_FIELD] =  3.29765484487355964E+000
B1PF[DB_FIELD] =  3.40031153243871476E+000
h5_tq05_i[i] = 20
h5_tq06_i[i] = -110
h5_tq11_i[i] = 0
Q1APR[K1] = -8.19771608891561310E-002
Q1BPR[K1] = Q1APR[K1]
Q2PR[K1] =  3.58687620851538755E-002
H6_Q3[K1] =  1.26834114728982747E-002
H6_Q04_I[I] = -1.42954244470897174E+003
H6_Q05_I[I] =  5.28199065104417969E+003
H6_Q06_I[I] = -4.50138070727413742E+003
H6_Q07_I[I] =  5.54944519530746948E+003
H6_Q08_I[I] = -5.03955816428008256E+003
H6_Q09_I[I] =  6.23603260793067238E+003
H6_Q10_I[I] = -5.62915623334135853E+003
h6_tq06_i[i] = -100
h6_tq08_i[i] = -100
h6_tq10_i[i] = -115
