Q1APF, K1 = -9.04883385490319325E-02;
Q1BPF, K1 = -5.23860262576913843E-02;
Q2PF, K1 = 3.75849112411151612E-002;
Q3PF, K1 = 1.05611720061744782E-002;
H5_Q04_I = -2.71487065051958825E+003;
H5_Q05_I = 5.28601384037411117E+003;
H5_Q06_I = -5.32500000000000000E+003;
H5_Q07_I = 3.46897180809999963E+003;
H5_Q08_I = -3.38136187501807353E+003;
H5_Q09_I = 3.87713714059035556E+003;
H5_Q10_I = -3.50023039104701729E+003;
H5_Q11_I = 3.57452070395654664E+003;
B0APF, K0 := -(3.29757389209702856E+000)/beam->brho;
B1APF, K0 := -(3.50795790829879195E+000)/beam->brho;
h5_tq05_i = 20;
h5_tq06_i = -110;
h5_tq11_i = 0;
Q1APR, K1 = -8.09365859277967337E-002;
Q1BPR, K1 := Q1APR->K1;
Q2PR, K1 = 3.56165187958635554E-002;
H6_Q3, K1 = 1.29607665279193578E-002;
H6_Q04_I = -1.69425431005803171E+003;
H6_Q05_I = 4.21633393179246559E+003;
H6_Q06_I = -5.31054900034572438E+003;
H6_Q07_I = 4.51935015111474058E+003;
H6_Q08_I = -5.08393772702351271E+003;
H6_Q09_I = 4.13424968640537099E+003;
H6_Q10_I = -4.81022030748858651E+003;
h6_tq05_i = 0;
h6_tq06_i = -105;
h6_tq07_i = 0;
h6_tq08_i = -100;
h6_tq10_i = -75;
kb0pf := -8.12223828336297515E+00/beam->brho;
