Q1PF[B1_GRADIENT] =  6.62774700274456450E+001
Q2PF[B1_GRADIENT] = -4.77524807773884419E+001
Q3PF[B1_GRADIENT] = -8.89579048085257185E+000
H5_Q04_I[I] = -2.81448334452158178E+003
H5_Q05_I[I] =  5.98278789150668308E+003
H5_Q06_I[I] = -5.13967372504491505E+003
H5_Q07_I[I] =  5.55719540608958505E+003
H5_Q08_I[I] = -3.83107499476473913E+003
H5_Q09_I[I] =  3.12305566224572112E+003
H5_Q10_I[I] = -1.68413419103419642E+003
H5_Q11_I[I] =  2.00000000000000000E+003
OV_B1PF[DB_FIELD] =  2.94225831884869082E+000
h5_tq05_i[i] = 30
h5_tq06_i[i] = -110
h5_tq11_i[i] = 0
Q1APR[K1] = -8.18531461058156634E-002
Q1BPR[K1] = Q1APR[K1]
Q2PR[K1] =  3.58388201152460770E-002
H6_Q3[K1] =  1.27165076236999408E-002
H6_Q04_I[I] = -1.70443877628054815E+003
H6_Q05_I[I] =  4.49651262564795707E+003
H6_Q06_I[I] = -5.17560795456221331E+003
H6_Q07_I[I] =  4.93280689418483780E+003
H6_Q08_I[I] = -5.29676836100112178E+003
H6_Q09_I[I] =  4.32085679350299324E+003
H6_Q10_I[I] = -4.82824239160548495E+003
h6_tq05_i[i] = 0
h6_tq06_i[i] = -100
h6_tq07_i[i] = 0
h6_tq08_i[i] = -100
h6_tq10_i[i] = -75
