Q1APF[K1] = -9.05005920954668891E-02
Q1BPF[K1] = -5.23931201508447478E-02
Q2PF[K1] =  3.75867732343304201E-002
Q3PF[K1] =  1.05529116219914600E-002
H5_Q04_I[I] = -2.71267298480438694E+003
H5_Q05_I[I] =  5.28378764806200979E+003
H5_Q06_I[I] = -5.32500000000000000E+003
H5_Q07_I[I] =  3.47034406652799044E+003
H5_Q08_I[I] = -3.43671147506546140E+003
H5_Q09_I[I] =  3.87417634570676273E+003
H5_Q10_I[I] = -3.32169475531445778E+003
H5_Q11_I[I] =  3.37079727888568459E+003
B0APF[DB_FIELD] =  1.01006426790030135E+000
OV_B1PF[DB_FIELD] =  3.40437908620598284E+000
h5_tq05_i[i] = 20
h5_tq06_i[i] = -110
h5_tq11_i[i] = 0
Q1APR[K1] = -8.18531461058156634E-002
Q1BPR[K1] = Q1APR[K1]
Q2PR[K1] =  3.58388201152460770E-002
H6_Q3[K1] =  1.27165076236999408E-002
H6_Q04_I[I] = -1.70443877628054815E+003
H6_Q05_I[I] =  4.49651262564795707E+003
H6_Q06_I[I] = -5.17560795456221331E+003
H6_Q07_I[I] =  4.93280689418483780E+003
H6_Q08_I[I] = -5.29676836100112178E+003
H6_Q09_I[I] =  4.32085679350299324E+003
H6_Q10_I[I] = -4.82824239160548495E+003
h6_tq05_i[i] = 0
h6_tq06_i[i] = -100
h6_tq07_i[i] = 0
h6_tq08_i[i] = -100
h6_tq10_i[i] = -75
