Q1APF[K1] = -9.04883385490319325E-02
Q1BPF[K1] = -5.23860262576913843E-02
Q2PF[K1] =  3.75849111431787106E-002
Q3PF[K1] =  1.05611722344553724E-002
H5_Q04_I[I] = -2.71484907899333439E+003
H5_Q05_I[I] =  5.28584609617664591E+003
H5_Q06_I[I] = -5.32500000000000000E+003
H5_Q07_I[I] =  3.46874746316818937E+003
H5_Q08_I[I] = -3.38130876440689281E+003
H5_Q09_I[I] =  3.87694254622308517E+003
H5_Q10_I[I] = -3.49993083765979600E+003
H5_Q11_I[I] =  3.57418852976116341E+003
B0APF[DB_FIELD] =  3.29774614332514382E+000
OV_B1PF[DB_FIELD] =  3.50773775829783796E+000
h5_tq05_i[i] = 20
h5_tq06_i[i] = -110
h5_tq11_i[i] = 0
Q1APR[K1] = -8.18531461058156634E-002
Q1BPR[K1] = Q1APR[K1]
Q2PR[K1] =  3.58388201152460770E-002
H6_Q3[K1] =  1.27165076236999408E-002
H6_Q04_I[I] = -1.70445374755828220E+003
H6_Q05_I[I] =  4.49634468679959900E+003
H6_Q06_I[I] = -5.17546462509592493E+003
H6_Q07_I[I] =  4.93285103378189979E+003
H6_Q08_I[I] = -5.29741107709057724E+003
H6_Q09_I[I] =  4.32098061071641041E+003
H6_Q10_I[I] = -4.82831013573047676E+003
h6_tq05_i[i] = 0
h6_tq06_i[i] = -100
h6_tq07_i[i] = 0
h6_tq08_i[i] = -100
h6_tq10_i[i] = -75
