Q1APF[K1] = -9.0584509969915586E-02
Q1BPF[K1] = -5.2441702366463352E-02
Q2PF[K1] =  3.77074275750908031E-002
Q3PF[K1] =  1.27447782923279362E-002
H5_Q04_I[I] = -2.67344614452255928E+003
H5_Q05_I[I] =  5.20683470548762307E+003
H5_Q06_I[I] = -5.32500000000000000E+003
H5_Q07_I[I] =  3.53187829757986083E+003
H5_Q08_I[I] = -3.47857034780873755E+003
H5_Q09_I[I] =  3.87504275995734997E+003
H5_Q10_I[I] = -3.27250877457828983E+003
H5_Q11_I[I] =  3.30639876822477709E+003
B0APF[DB_FIELD] =  3.29398831019362959E+000
OV_B1PF[DB_FIELD] =  3.16583213266235930E+000
h5_tq05_i[i] = 20
h5_tq06_i[i] = -110
h5_tq11_i[i] = 0
Q1APR[K1] = -8.09365859277967337E-002
Q1BPR[K1] = Q1APR[K1]
Q2PR[K1] =  3.56165187958635554E-002
H6_Q3[K1] =  1.29607665279193578E-002
H6_Q04_I[I] = -1.69425431005803171E+003
H6_Q05_I[I] =  4.21633393179246559E+003
H6_Q06_I[I] = -5.31054900034572438E+003
H6_Q07_I[I] =  4.51935015111474058E+003
H6_Q08_I[I] = -5.08393772702351271E+003
H6_Q09_I[I] =  4.13424968640537099E+003
H6_Q10_I[I] = -4.81022030748858651E+003
h6_tq05_i[i] = 0
h6_tq06_i[i] = -105
h6_tq07_i[i] = 0
h6_tq08_i[i] = -100
h6_tq10_i[i] = -75
