Q1APF, K1 = -9.0581613079405709E-02;
Q1BPF, K1 = -5.2440025282048400E-02;
Q2PF, K1 = 3.76078408315902654E-002;
Q3PF, K1 = 1.05398184991686971E-002;
YI6_QD2_I = +3.11674162611150768e+03;
BO3_QF8_I = 5.89602704500602704E+003;
YO5_QF4_I = +5.83364045782623452e+03;
BI5_QD8_I = +4.80933774632159202e+03;
YO5_QD7_I = +3.76299172370799124e+03;
YO5_QF8_I = -6.28436851295570364e+02;
YO5_QD9_I = -3.11905060561197661E+003;
H5_Q11_I = +1.32830902948157046e+02;
yo5_tq4_i = +150;
Q1APR, K1 = -8.20759476929873166E-002;
Q1BPR, K1 := Q1APR->K1;
Q2PR, K1 = 2.85902275177330051E-002;
Q3PR, K1 = 5.97787646373884422E-003;
Q4PR, K1 = +2.62085012603164649e-02;
Q5PR, K1 = -5.73694936618032517e-02;
YI6_QD4_I = 5.71770791450603338E+003;
YI6_QF5_I = -4.15141791549004938e+03;
YI6_QD6_I = +4.74472342907533312e+03;
YI6_QF7_I = -2.95267254688654430e+03;
YI6_QD8_I = -2.40610630216033815e+03;
YI6_QF9_I = +6000;
yi6_tq4_i = +150;
yi6_tq5_i = -75;
yi6_tq6_i = +75;
B0APF, K0 := -(3.29890501511434753E+000)/beam->brho;
B1PF, K0 := -(3.40014540444183844E+000)/beam->brho;
