Q1APF, K1 = -9.04892438361291906E-02;
Q1BPF, K1 = -5.23865503516730904E-02;
Q2PF, K1 = 3.75851159149435260E-002;
Q3PF, K1 = 1.05610513794922190E-002;
H5_Q04_I = -2.72819668008309691e+03;
H5_Q05_I = 5.28761817720718773E+003;
H5_Q06_I = -5.32500000000000000E+003;
H5_Q07_I = +3.72629541614781010e+03;
H5_Q08_I = -3.22501019115226381e+03;
H5_Q09_I = +3.86962110213780716e+03;
H5_Q10_I = -4.21764477194933806e+03;
H5_Q11_I = +4.47781205861388935e+03;
B0APF, K0 := -(3.29765484487355964E+000)/beam->brho;
B1PF, K0 := -(3.40031153243871476E+000)/beam->brho;
h5_tq05_i = 20;
h5_tq06_i = -110;
h5_tq11_i = 0;
Q1APR, K1 = -8.17992608779784663E-002;
Q1BPR, K1 := Q1APR->K1;
Q2PR, K1 = 3.58258000399905990E-002;
H6_Q3, K1 = 1.27308846377516584E-002;
H6_Q04_I = -1.69520583188927503e+03;
H6_Q05_I = +4.06331894374847798e+03;
H6_Q06_I = -5.21656918843331005E+003;
H6_Q07_I = +4.87321983299488875e+03;
H6_Q08_I = -4.99666954737100059e+03;
H6_Q09_I = +3.53651298822455328e+03;
H6_Q10_I = -4.76468997031957679e+03;
h6_tq05_i = 0;
h6_tq06_i = -105;
h6_tq07_i = 0;
h6_tq08_i = -100;
h6_tq10_i = -75;
kb0pf := -8.12223828336297515E+00/beam->brho;
