Q1APF[K1] = -9.04989573581949786E-02
Q1BPF[K1] = -5.23921737593978018E-02
Q2PF[K1] =  3.75902879358495437E-002
Q3PF[K1] =  1.31593827476412985E-002
H5_Q04_I[I] = -2.68611642520596479E+003
H5_Q05_I[I] =  5.16276852589048394E+003
H5_Q06_I[I] = -5.26007052987558382E+003
H5_Q07_I[I] =  3.51505860605656653E+003
H5_Q08_I[I] = -3.85681189781509602E+003
H5_Q09_I[I] =  3.75243593549269826E+003
H5_Q10_I[I] = -1.51840103380148162E+003
H5_Q11_I[I] =  1.78994327607096579E+003
B0APF[DB_FIELD] =  2.59303172576640817E+000
OV_B1PF[DB_FIELD] =  2.82803259676234653E+000
h5_tq05_i[i] = 30
h5_tq06_i[i] = -110
h5_tq11_i[i] = 0
Q1APR[K1] = -8.18531461058156634E-002
Q1BPR[K1] = Q1APR[K1]
Q2PR[K1] =  3.58388201152460770E-002
H6_Q3[K1] =  1.27165076236999408E-002
H6_Q04_I[I] = -1.70443877628054815E+003
H6_Q05_I[I] =  4.49651262564795707E+003
H6_Q06_I[I] = -5.17560795456221331E+003
H6_Q07_I[I] =  4.93280689418483780E+003
H6_Q08_I[I] = -5.29676836100112178E+003
H6_Q09_I[I] =  4.32085679350299324E+003
H6_Q10_I[I] = -4.82824239160548495E+003
h6_tq05_i[i] = 0
h6_tq06_i[i] = -100
h6_tq07_i[i] = 0
h6_tq08_i[i] = -100
h6_tq10_i[i] = -75
