Q1PF[B1_GRADIENT] =  8.73877610436065027E+001
Q2PF[B1_GRADIENT] = -6.13630503545091557E+001
Q3PF[B1_GRADIENT] = -1.71572318528859320E+001
H5_Q04_I[I] = -2.67382239568191108E+003
H5_Q05_I[I] =  4.67292489070869942E+003
H5_Q06_I[I] = -5.13390942796904073E+003
H5_Q07_I[I] =  5.20211900479171891E+003
H5_Q08_I[I] = -3.90749148240985051E+003
H5_Q09_I[I] =  1.63259771035518975E+003
H5_Q10_I[I] =  3.05044102269692166E+003
H5_Q11_I[I] = -2.13183583694182659E+002
OV_B1PF[DB_FIELD] =  2.94225831884869082E+000
h5_tq05_i[i] = 30
h5_tq06_i[i] = -110
h5_tq11_i[i] = 0
Q1APR[K1] = -8.18531461058156634E-002
Q1BPR[K1] = Q1APR[K1]
Q2PR[K1] =  3.58388201152460770E-002
H6_Q3[K1] =  1.27165076236999408E-002
H6_Q04_I[I] = -1.70443877628054815E+003
H6_Q05_I[I] =  4.49651262564795707E+003
H6_Q06_I[I] = -5.17560795456221331E+003
H6_Q07_I[I] =  4.93280689418483780E+003
H6_Q08_I[I] = -5.29676836100112178E+003
H6_Q09_I[I] =  4.32085679350299324E+003
H6_Q10_I[I] = -4.82824239160548495E+003
h6_tq05_i[i] = 0
h6_tq06_i[i] = -100
h6_tq07_i[i] = 0
h6_tq08_i[i] = -100
h6_tq10_i[i] = -75
