Q1APF[K1] = -9.05297180316347594E-02
Q1BPF[K1] = -5.24099819043185727E-02
Q2PF[K1] =  3.76500906497120799E-002
Q3PF[K1] =  1.29322311496327912E-002
H5_Q04_I[I] = -2.66414974103387431E+003
H5_Q05_I[I] =  5.11540846240596693E+003
H5_Q06_I[I] = -5.32500000000000000E+003
H5_Q07_I[I] =  3.51651203775059776E+003
H5_Q08_I[I] = -3.89204216026851509E+003
H5_Q09_I[I] =  3.74066631430947018E+003
H5_Q10_I[I] = -1.54815704584210425E+003
H5_Q11_I[I] =  1.81607398346463469E+003
B0APF[DB_FIELD] =  1.72125933899752637E+000
OV_B1PF[DB_FIELD] =  2.99549875531931331E+000
h5_tq05_i[i] = 30
h5_tq06_i[i] = -110
h5_tq11_i[i] = 0
Q1APR[K1] = -8.18531461058156634E-002
Q1BPR[K1] = Q1APR[K1]
Q2PR[K1] =  3.58388201152460770E-002
H6_Q3[K1] =  1.27165076236999408E-002
H6_Q04_I[I] = -1.70443877628054815E+003
H6_Q05_I[I] =  4.49651262564795707E+003
H6_Q06_I[I] = -5.17560795456221331E+003
H6_Q07_I[I] =  4.93280689418483780E+003
H6_Q08_I[I] = -5.29676836100112178E+003
H6_Q09_I[I] =  4.32085679350299324E+003
H6_Q10_I[I] = -4.82824239160548495E+003
h6_tq05_i[i] = 0
h6_tq06_i[i] = -100
h6_tq07_i[i] = 0
h6_tq08_i[i] = -100
h6_tq10_i[i] = -75
