Y8_Q6_PS = +6.19551998622863849e+01;
Y8_Q7_PS = +5.02044800137713594e+02;
Y8_Q89_PS = +5.73094799252517930e+01;
YI7_QF1_PS = +6.19551998622863849e+01;
YI7_QD2_PS = +7.83443381470511042e+01;
YI7_QF3_PS = -2.43203063072287620e+02;
YI7_TQ4_PS = +5.20448001377136151e+01;
YI7_TQ5_PS = +2.14934154108448254e+01;
YI7_TQ6_PS = -2.59274773982001285e+01;
YI7_QF9_PS = -5.29551998622863849e+01;
YO8_QD1_PS = +6.19551998622863849e+01;
YO8_QF2_PS = +9.20448001377136222e+01;
YO8_QD3_PS = -2.38793488990554664e+02;
YO8_TQ4_PS = -3.00942213089877626e+01;
YO8_TQ5_PS = -3.07122338305886089e+01;
YO8_TQ6_PS = +3.00926812075011583e+01;
YO8_QF8_PS = -1.02044800137713622e+02;
