YI7_QF1_PS = +4.54028284531460997E+001;
YI7_QD2_PS = +7.55159223019015542e+01;
YI7_QF3_PS = -2.33856903236461051e+02;
YI7_TQ4_PS = +6.11787352246006293E+001;
YI7_TQ5_PS = +1.84867876443375110e+01;
YI7_TQ6_PS = -3.02598094123499237e+01;
YI7_QF9_PS = -4.01036020146551024e+01;
YO8_QD1_PS = +4.06482581125669924E+001;
YO8_QF2_PS = +9.36545984509189822e+01;
YO8_QD3_PS = -2.33135191256284571e+02;
YO8_TQ4_PS = -2.94954035766997329e+01;
YO8_TQ5_PS = -3.18505179651055457e+01;
YO8_TQ6_PS = +3.02061353471608420e+01;
YO8_QF8_PS = -1.12178735224578588E+002;
Y8_Q6_PS = +3.98212840682733642E+001;
Y8_Q7_PS = +5.07824225693716528E+002;
Y8_Q89_PS = +2.46178734855758307E+002;
