Y8_Q6_PS[I] =  1.35000000000000000E+002
Y8_Q7_PS[I] =  4.41904881460418380E+002
Y8_Q89_PS[I] = -8.68327768974309322E+001
YI7_QF1_PS[I] =  6.00000000000000000E+001
YI7_QD2_PS[I] =  7.74749561626063326E+001
YI7_QF3_PS[I] = -2.80000000000000000E+002
YI7_TQ4_PS[I] =  1.00000000000000000E+002
YI7_TQ5_PS[I] =  6.50428675139037793E+000
YI7_TQ6_PS[I] = -5.83653765040843009E+000
YI7_QF9_PS[I] = -6.00000000000000000E+001
YO8_QD1_PS[I] =  6.00000000000000000E+001
YO8_QF2_PS[I] =  1.40000000000000000E+002
YO8_QD3_PS[I] = -2.31698717092480877E+002
YO8_TQ4_PS[I] = -2.27489131606349240E+001
YO8_TQ5_PS[I] = -4.41825385275586697E+001
YO8_TQ6_PS[I] =  6.53482320521577407E+001
YO8_QF8_PS[I] = -6.00000000000000000E+001
