Y8_Q6_PS[I] = +6.19551998622863849e+01
Y8_Q7_PS[I] = +4.75594565104871606e+02
Y8_Q89_PS[I] = -7.13419710181803834e-01
YI7_QF1_PS[I] = +8.59140438930125896e+01
YI7_QD2_PS[I] = +8.60118713140576858e+01
YI7_QF3_PS[I] = -2.43203063072287620e+02
YI7_TQ4_PS[I] = +5.20448001377136151e+01
YI7_TQ5_PS[I] = +2.14934154108448254e+01
YI7_TQ6_PS[I] = -2.23315932577836911e+01
YI7_QF9_PS[I] = -4.08862431829275152e+01
YO8_QD1_PS[I] = +7.34974623091313646e+01
YO8_QF2_PS[I] = +9.20448001377136222e+01
YO8_QD3_PS[I] = -2.32896985126612464e+02
YO8_TQ4_PS[I] = -3.00942213089877626e+01
YO8_TQ5_PS[I] = -3.07122338305886089e+01
YO8_TQ6_PS[I] = +2.94353656838321669e+01
YO8_QF8_PS[I] = -7.65544004282235591e+01
