Q1APF[K1] = -9.06787966032206461E-02
Q1BPF[K1] = -5.24962873232353508E-02
Q2PF[K1] =  3.76317358291802656E-002
Q3PF[K1] =  1.05174748687367030E-002
YI6_QD2_I[I] =  3.10671405137990632E+003
BO3_QF8_I[I] =  5.82618165573433907E+003
YO5_QF4_I[I] =  5.89511445239883778E+003
BI5_QD8_I[I] =  5.03040765541128440E+003
YO5_QD7_I[I] =  3.66660211536175530E+003
YO5_QF8_I[I] = -2.71416718819486107E+002
YO5_QD9_I[I] = -3.51384563115028823E+003
H5_Q11_I[I] =  4.84163742283067506E+001
yo5_tq4_i[i] = +150
Q1APR[K1] = -9.88860653528561284E-002
Q1BPR[K1] = Q1APR[K1]
Q2PR[K1] =  2.89945470533291387E-002
Q3PR[K1] =  6.45359664288343727E-003
Q4PR[K1] =  2.63682996205905455E-002
Q5PR[K1] = -7.53647948289504904E-002
YI6_QD4_I[I] =  5.96656262091448571E+003
YI6_QF5_I[I] = -6.00000000000000000E+003
YI6_QD6_I[I] =  5.60631974446454842E+003
YI6_QF7_I[I] = -4.91291028922438363E+003
YI6_QD8_I[I] = -2.16388398493964132E+003
YI6_QF9_I[I] =  6.00000000000000000E+003
yi6_tq4_i[i] = +150
yi6_tq5_i[i] = -75
yi6_tq6_i[i] = +75
B0APF[DB_FIELD] =  3.30022052846551617E+000
B1PF[DB_FIELD] =  3.39997072723951765E+000
