YO9_QD1_PS = 8.41827751528952284e+00;
YO9_QF2_PS = 5.19949113591629697e+00;
YO9_QD3_PS = -1.81325226222252134e+01;
YO9_TQ4_PS = -1.60393308910824572e+00;
YO9_TQ5_PS = -3.17335125349555014e+00;
YO9_TQ6_PS = 9.96702949202032285e-01;
YO9_QF6_PS = 8.41827751528952284e+00;
YO9_QD7_PS = 4.14545894930227021e+01;
YO9_QF8_PS = -6.08376182755303851e+00;
YO9_QD9_PS = -1.74024266805033285e+01;
YI10_QF1_PS = 4.27508972772309281e+00;
YI10_QD2_PS = 5.19949113591629697e+00;
YI10_QF3_PS = -8.41827751528952284e+00;
YI10_TQ4_PS = 1.66240836936933145e+00;
YI10_TQ5_PS = 2.60077060996043175e+00;
YI10_TQ6_PS = -2.15166599423572658e+00;
YI10_QD6_PS = 2.65577894810952557e+01;
YI10_QF7_PS = 1.24634084771605931e+01;
YI10_QF9_PS = -6.08376182755303851e+00;
YI10_Q89_PS = -1.74024266805033285e+01;
