YO9_QD1_PS[I] =  8.41827751528952284e+00
YO9_QF2_PS[I] =  5.19949113591629697e+00
YO9_QD3_PS[I] = -1.81325226222252134e+01
YO9_TQ4_PS[I] = -1.60393308910824572e+00
YO9_TQ5_PS[I] = -3.17335125349555014e+00
YO9_TQ6_PS[I] =  9.96702949202032285e-01
YO9_QF6_PS[I] =  8.41827751528952284e+00
YO9_QD7_PS[I] =  4.14545894930227021e+01
YO9_QF8_PS[I] = -6.08376182755303851e+00
YO9_QD9_PS[I] = -1.74024266805033285e+01
YI10_QF1_PS[I] =  4.27508972772309281e+00
YI10_QD2_PS[I] =  5.19949113591629697e+00
YI10_QF3_PS[I] = -8.41827751528952284e+00
YI10_TQ4_PS[I] =  1.66240836936933145e+00
YI10_TQ5_PS[I] =  2.60077060996043175e+00
YI10_TQ6_PS[I] = -2.15166599423572658e+00
YI10_QD6_PS[I] =  2.65577894810952557e+01
YI10_QF7_PS[I] =  1.24634084771605931e+01
YI10_QF9_PS[I] = -6.08376182755303851e+00
YI10_Q89_PS[I] = -1.74024266805033285e+01
