Y12_Q6_PS[I] =  1.35000000000000000E+002*pauq/p275
Y12_Q7_PS[I] =  4.41904881460418380E+002*pauq/p275
Y12_Q89_PS[I] = -8.68327768974309322E+001*pauq/p275
YI11_QF1_PS[I] =  6.00000000000000000E+001*pauq/p275
YI11_QD2_PS[I] =  7.74749561626063326E+001*pauq/p275
YI11_QF3_PS[I] = -2.80000000000000000E+002*pauq/p275
YI11_TQ4_PS[I] =  1.00000000000000000E+002*pauq/p275
YI11_TQ5_PS[I] =  6.50428675139037793E+000*pauq/p275
YI11_TQ6_PS[I] = -5.83653765040843009E+000*pauq/p275
YI11_QF9_PS[I] = -6.00000000000000000E+001*pauq/p275
YO12_QD1_PS[I] =  6.00000000000000000E+001*pauq/p275
YO12_QF2_PS[I] =  1.40000000000000000E+002*pauq/p275
YO12_QD3_PS[I] = -2.31698717092480877E+002*pauq/p275
YO12_TQ4_PS[I] = -2.27489131606349240E+001*pauq/p275
YO12_TQ5_PS[I] = -4.41825385275586697E+001*pauq/p275
YO12_TQ6_PS[I] =  6.53482320521577407E+001*pauq/p275
YO12_QF8_PS[I] = -6.00000000000000000E+001*pauq/p275
