H01O_Q7_I[I] =  8.21257767035464781E+002
H01O_TQ7_I[I] = -4.79216613489994856E+001
H01O_Q6_I[I] =  1.49062403201704683E+003
H01O_TQ6_I[I] = -1.00413890248800286E+002
H01O_Q5_I[I] = -8.65290529658783640E+001
H01O_TQ5_I[I] =  2.25611347036649690E+001
H01O_Q4_I[I] =  1.11262975425398125E+002
H01O_TQ4_I[I] = -1.55333244173366740E+001
H01O_Q3_I[I] = -3.82259652697277446E+001
H01O_Q2_I[I] =  1.37580048976467708E+001
H01O_Q1_I[I] = -1.96086280808476971E+002
H01O_Q00B[K1] = -8.28610361527985229E-002
H01O_Q00A[K1] =  5.83778038547228539E-002
H02_Q00A[K1] = -4.41743931767662051E-002
H02_Q00B[K1] =  3.64312649240836686E-002
H02_Q1_I[I] = -5.95906104407320186E+002
H02_Q2_I[I] =  4.11932736042783972E+002
H02_Q3_I[I] = -2.94664471878415270E+002
H02_TQ4_I[I] =  3.23878451899376145E+001
H02_Q4_I[I] = -9.99484519897769559E+001
H02_Q5_I[I] =  9.65013016953273791E+002
H02_TQ5_I[I] = -8.88196961563665610E+001
H02_TQ6_I[I] = -2.14625178662866993E+001
H02_Q6_I[I] = -7.77424477102201728E+000
