H01O_Q7_I[I] =  1.02675781716927168E+003
H01O_TQ7_I[I] = -4.60248236676322122E+001
H01O_Q6_I[I] = -1.41954034537844973E+003
H01O_TQ6_I[I] =  9.87985027096971322E+001
H01O_Q5_I[I] = -1.65823705180712402E+001
H01O_TQ5_I[I] = -1.31486111049989973E+000
H01O_Q4_I[I] =  1.83864184399945163E+000
H01O_TQ4_I[I] = -1.28878482545255824E+000
H01O_Q3_I[I] = -3.76381452860233239E+001
H01O_Q2_I[I] =  7.02474788333139061E-002
H01O_Q1_I[I] = -2.17584408610558313E+002
H01O_Q00B[K1] = -1.37509252392865211E-001
H01O_Q00A[K1] =  1.00521129476408302E-001
H02_Q00A[K1] = -6.48576626545714213E-002
H02_Q00B[K1] =  6.32693427953070209E-002
H02_Q1_I[I] = -5.83397981112098364E+002
H02_Q2_I[I] =  4.21146441083365346E+002
H02_Q3_I[I] = -2.63768012928429243E+002
H02_TQ4_I[I] =  3.93298870094928219E+001
H02_Q4_I[I] = -3.05093731621672873E+002
H02_Q5_I[I] =  9.89647080354806803E+002
H02_TQ5_I[I] = -7.99457904767313750E+001
H02_TQ6_I[I] = -4.35880854326751646E+001
H02_Q6_I[I] =  1.52315868904553980E+002
