H01O_Q7_I[I] =  1.04601511411785373E+003
H01O_TQ7_I[I] = -4.98168239647386812E+001
H01O_Q6_I[I] = -1.40502747513981808E+003
H01O_TQ6_I[I] =  9.69290615559562951E+001
H01O_Q5_I[I] = -1.65823705180712402E+001
H01O_TQ5_I[I] = -1.31486111049989973E+000
H01O_Q4_I[I] =  1.83864184399945163E+000
H01O_TQ4_I[I] = -4.48340863281753510E+000
H01O_Q3_I[I] = -3.88126925640497831E+001
H01O_Q2_I[I] =  1.12302267166649585E+001
H01O_Q1_I[I] = -2.21222144775440142E+002
H01O_Q00B[K1] = -1.36525845521274003E-001
H01O_Q00A[K1] =  1.01190839800027882E-001
H02_Q00A[K1] = -6.40384711300543974E-002
H02_Q00B[K1] =  6.02583742945198356E-002
H02_Q1_I[I] = -6.29942070028095600E+002
H02_Q2_I[I] =  4.12987604745500846E+002
H02_Q3_I[I] = -1.99586696927858526E+002
H02_TQ4_I[I] =  4.26480991772154354E+001
H02_Q4_I[I] = -3.10740074174994049E+002
H02_Q5_I[I] =  9.97169320151007014E+002
H02_TQ5_I[I] = -8.45350493264487568E+001
H02_TQ6_I[I] = -2.47863399407016125E+001
H02_Q6_I[I] = -1.62646504883983933E+000
