Q1APF[K1] = -8.97096543765692200E-02
Q1BPF[K1] = -5.19352259649776826E-02
Q2PF[K1] =  4.37186627531696362E-002
Q3PF[K1] = -7.20164211238244617E-002
H5_Q04_I[I] = -3.13264416450436613E+002
H5_Q05_I[I] =  5.70669869324779370E+002
H5_TQ06_I[I] =  0.00000000000000000E+000
H5_Q06_I[I] = -4.26822872631199459E+002
H5_Q07_I[I] =  4.75360769255605817E+002
H5_Q08_I[I] = -4.30532126939535772E+002
H5_Q09_I[I] =  4.03076440442911064E+002
H5_Q10_I[I] = -3.89881975321263837E+002
H5_Q11_I[I] =  5.39025029744395965E+002
B0APF[DB_FIELD] =  1.23856103019439820E-001
OV_B1PF[DB_FIELD] =  2.55081785452562215E-001
h5_tq05_i[i] = 0
h5_tq06_i[i] = 0
h5_tq11_i[i] = 0
Q1APR[K1] = -7.81732756959605118E-002
Q1BPR[K1] = -7.81732756959605118E-002
Q2PR[K1] =  4.35294451308942260E-002
H6_Q3[K1] = -6.59383917741501874E-002
H6_Q04_I[I] = -1.05857890184940558E+002
H6_Q05_I[I] =  2.39147464667465670E+002
H6_Q06_I[I] = -1.27666805051948600E+002
H6_Q07_I[I] =  2.22041648467564301E+002
H6_Q08_I[I] = -1.29111469911416293E+003
H6_Q09_I[I] =  2.73614146818682229E+002
H6_Q10_I[I] = -5.98079985976980879E+002
h6_tq05_i[i] = 0
h6_tq06_i[i] = 0
h6_tq07_i[i] = 0
H6_TQ08_I[I] =  76
h6_tq10_i[i] = 0
