Q1APF[K1] = -8.92597275716627975E-02
Q1BPF[K1] = -5.16747517669339726E-02
Q2PF[K1] =  4.37219600417229695E-002
Q3PF[K1] = -5.84932470026409898E-002
H5_Q04_I[I] = -3.21903631498097980E+002
H5_Q05_I[I] =  5.73635151766611216E+002
H5_Q06_I[I] = -4.26535845365662851E+002
H5_Q07_I[I] =  4.80368737737629203E+002
H5_Q08_I[I] = -4.20263319796246662E+002
H5_Q09_I[I] =  4.58563367553694661E+002
H5_Q10_I[I] = -4.64311756193292752E+002
H5_Q11_I[I] =  6.62333040517115251E+002
B0APF[DB_FIELD] =  2.63151674078077824E-001
B1PF[DB_FIELD] =  2.92584968292753322E-001
h5_tq05_i[i] = 0
h5_tq06_i[i] = 0
h5_tq11_i[i] = 0
Q1APR[K1] = -7.81418701690938799E-002
Q1BPR[K1] = -7.81418701690938799E-002
Q2PR[K1] =  4.34782994366860812E-002
H6_Q3[K1] = -6.55335647717460446E-002
H6_Q04_I[I] = -1.06088792845972677E+002
H6_Q05_I[I] =  2.38834410614049915E+002
H6_Q06_I[I] = -1.26025466024035083E+002
H6_Q07_I[I] =  2.16605335345891888E+002
H6_Q08_I[I] = -1.29007500619184975E+003
H6_Q09_I[I] =  2.74924072863177969E+002
H6_Q10_I[I] = -5.97821247692064958E+002
h6_tq05_i[i] = 0
h6_tq06_i[i] = 0
h6_tq07_i[i] = 0
H6_TQ08_I[I] =  7.60543573392096306E+001
h6_tq10_i[i] = 0
