Q1APF, K1 = -8.92597275716627975E-02;
Q1BPF, K1 = -5.16747517669339726E-02;
Q2PF, K1 = 4.37219600417229695E-002;
Q3PF, K1 = -5.84932470026409898E-002;
H5_Q04_I = -3.21975528293022592E+002;
H5_Q05_I = 5.74089065118644271E+002;
H5_Q06_I = -4.26515384422036334E+002;
H5_Q07_I = 4.80862582841341919E+002;
H5_Q08_I = -4.20328397619582404E+002;
H5_Q09_I = 4.58731630019368936E+002;
H5_Q10_I = -4.64374985118431709E+002;
H5_Q11_I = 6.62385047673014810E+002;
B0APF, K0 := -(2.65241162295807464E-001)/beam->brho;
B1APF, K0 := -(2.98098580960403703E-001)/beam->brho;
h5_tq05_i = 0;
h5_tq06_i = 0;
h5_tq11_i = 0;
Q1APR, K1 = -7.81418701690938799E-002;
Q1BPR, K1 = -7.81418701690938799E-002;
Q2PR, K1 = 4.34782994366860812E-002;
H6_Q3, K1 = -6.55335647717460446E-002;
H6_Q04_I = -1.06088792845972677E+002;
H6_Q05_I = 2.38834410614049915E+002;
H6_Q06_I = -1.26025466024035083E+002;
H6_Q07_I = 2.16605335345891888E+002;
H6_Q08_I = -1.29007500619184975E+003;
H6_Q09_I = 2.74924072863177969E+002;
H6_Q10_I = -5.97821247692064958E+002;
h6_tq05_i = 0;
h6_tq06_i = 0;
h6_tq07_i = 0;
H6_TQ08_I = 7.60543573392096306E+001;
h6_tq10_i = 0;
kb0pf := -8.12223828336297515E+00*clight/p275;
