Q1APF[K1] = -8.92597275716627975E-02
Q1BPF[K1] = -5.16747517669339726E-02
Q2PF[K1] =  4.37219600417229695E-002
Q3PF[K1] = -5.84932470026409898E-002
H5_Q04_I[I] = -3.21903254480610428E+002
H5_Q05_I[I] =  5.73654043433686638E+002
H5_Q06_I[I] = -4.26531360249685747E+002
H5_Q07_I[I] =  4.80308198163625377E+002
H5_Q08_I[I] = -4.20241625524221377E+002
H5_Q09_I[I] =  4.58491229981399158E+002
H5_Q10_I[I] = -4.64290081463676813E+002
H5_Q11_I[I] =  6.62303433128712413E+002
B0APF[DB_FIELD] =  2.63151674078076547E-001
B1PF[DB_FIELD] =  2.92584968292753156E-001
h5_tq05_i[i] = 0
h5_tq06_i[i] = 0
h5_tq11_i[i] = 0
Q1APR[K1] = -7.27588476934842576E-002
Q1BPR[K1] = -7.27588476934842576E-002
Q2PR[K1] =  3.34172725104710730E-002
H6_Q3[K1] = -7.11133643832558282E-002
H6_Q04_I[I] = -9.50679503602152778E+001
H6_Q05_I[I] =  9.49249127682941207E+001
H6_Q06_I[I] = -6.62640012715878868E+001
H6_Q07_I[I] =  1.88181120530865712E+002
H6_Q08_I[I] = -1.28158614998281428E+003
H6_TQ08_I[I] =  7.45436737905793905E+001
H6_Q09_I[I] =  2.93145079295186235E+002
H6_Q10_I[I] = -6.15821823931527206E+002
h6_tq06_i[i] = 0
h6_tq10_i[i] = 0
