Q1PF[B1_GRADIENT] =  6.66331584769380392E+000
Q2PF[B1_GRADIENT] = -4.91897988974272149E+000
Q3PF[B1_GRADIENT] =  4.08262145839310797E+000
H5_Q04_I[I] = -1.97962219416498215E+002
H5_Q05_I[I] =  4.26713645824680953E+002
H5_Q06_I[I] = -2.01846245521249841E+002
H5_Q07_I[I] =  3.49601152411668409E+002
H5_Q08_I[I] = -4.71592444987700048E+002
H5_Q09_I[I] =  4.56955672144743573E+002
H5_Q10_I[I] = -4.40007549763736563E+002
H5_Q11_I[I] =  6.59434282044081669E+002
B0APF[DB_FIELD] =  8.06687550775510798E-001
OV_B1PF[DB_FIELD] =  2.53960463440962070E-001
h5_tq05_i[i] = 0
h5_tq06_i[i] = 0
h5_tq11_i[i] = 0
Q1APR[K1] = -7.71899003869742639E-002
Q1BPR[K1] = -7.71899003869742639E-002
Q2PR[K1] =  4.24565948880724700E-002
H6_Q3[K1] = -6.92840183282981831E-002
H6_Q04_I[I] = -1.10834016983675099E+002
H6_Q05_I[I] =  1.81152400166179063E+002
H6_Q06_I[I] = -8.73934944281687507E+001
H6_Q07_I[I] =  1.93860208101770354E+002
H6_Q08_I[I] = -1.20719638158930115E+003
H6_Q09_I[I] =  2.81536523027328315E+002
H6_Q10_I[I] = -6.06393075529333260E+002
h6_tq05_i[i] = 0
h6_tq06_i[i] = 0
h6_tq07_i[i] = 0
H6_TQ08_I[I] =  68
h6_tq10_i[i] = 0
