Q1APF[K1] = -9.21146046227409171E-02
Q1BPF[K1] = -5.33275135101415887E-02
Q2PF[K1] =  4.40286188819723964E-002
Q3PF[K1] = -5.63503461014504617E-002
H5_Q04_I[I] = -3.17035346201997811E+002
H5_Q05_I[I] =  6.25685051039954601E+002
H5_Q06_I[I] = -4.23848405485081287E+002
H5_Q07_I[I] =  4.71087196009323122E+002
H5_Q08_I[I] = -4.37733956985457098E+002
H5_Q09_I[I] =  3.99247058848205654E+002
H5_Q10_I[I] = -3.95067320595629212E+002
H5_Q11_I[I] =  5.52516547586732713E+002
B0APF[DB_FIELD] =  2.68353477202231128E-001
B1PF[DB_FIELD] =  2.92613747135351931E-001
h5_tq05_i[i] = 0
h5_tq06_i[i] = 0
h5_tq11_i[i] = 0
Q1APR[K1] = -7.27588476934842576E-002
Q1BPR[K1] = -7.27588476934842576E-002
Q2PR[K1] =  3.34172725104710730E-002
H6_Q3[K1] = -7.11133643832558282E-002
H6_Q04_I[I] = -9.50679503602152778E+001
H6_Q05_I[I] =  9.49249127682941207E+001
H6_Q06_I[I] = -6.62640012715878868E+001
H6_Q07_I[I] =  1.88181120530865712E+002
H6_Q08_I[I] = -1.28158614998281428E+003
H6_TQ08_I[I] =  7.45436737905793905E+001
H6_Q09_I[I] =  2.93145079295186235E+002
H6_Q10_I[I] = -6.15821823931527206E+002
h6_tq06_i[i] = 0
h6_tq10_i[i] = 0
