Q1APF, K1 = -8.92597275716627975E-02;
Q1BPF, K1 = -5.16747517669339726E-02;
Q2PF, K1 = 4.37219600417229695E-002;
Q3PF, K1 = -5.84932470026409898E-002;
H5_Q04_I = -3.21975528293022592E+002;
H5_Q05_I = 5.74089065118644271E+002;
H5_Q06_I = -4.26515384422036334E+002;
H5_Q07_I = 4.80862582841341919E+002;
H5_Q08_I = -4.20328397619582404E+002;
H5_Q09_I = 4.58731630019368936E+002;
H5_Q10_I = -4.64374985118431709E+002;
H5_Q11_I = 6.62385047673014810E+002;
B0APF, K0 := -(2.65241162295807464E-001)/beam->brho;
B1APF, K0 := -(2.98098580960403703E-001)/beam->brho;
h5_tq05_i = 0;
h5_tq06_i = 0;
h5_tq11_i = 0;
Q1APR, K1 = -7.81732756959605118E-002;
Q1BPR, K1 = -7.81732756959605118E-002;
Q2PR, K1 = 4.35294451308942260E-002;
H6_Q3, K1 = -6.59383917741501874E-002;
H6_Q04_I = -1.05857468816371465E+002;
H6_Q05_I = 2.39136317234637517E+002;
H6_Q06_I = -1.27668409713223937E+002;
H6_Q07_I = 2.22037107528874486E+002;
H6_Q08_I = -1.29111344481580500E+003;
H6_Q09_I = 2.73610954727527485E+002;
H6_Q10_I = -5.98078982982608409E+002;
h6_tq05_i = 0;
h6_tq06_i = 0;
h6_tq07_i = 0;
H6_TQ08_I = 76;
h6_tq10_i = 0;
kb0pf := -8.12223828336297515E+00*clight/p275;
