Q1APF[K1] = -8.92597275716627975E-02
Q1BPF[K1] = -5.16747517669339726E-02
Q2PF[K1] =  4.37219600417229695E-002
Q3PF[K1] = -5.84932470026409898E-002
H5_Q04_I[I] = -3.21903631498097980E+002
H5_Q05_I[I] =  5.73635151766611216E+002
H5_Q06_I[I] = -4.26535845365662851E+002
H5_Q07_I[I] =  4.80368737737629203E+002
H5_Q08_I[I] = -4.20263319796246662E+002
H5_Q09_I[I] =  4.58563367553694661E+002
H5_Q10_I[I] = -4.64311756193292752E+002
H5_Q11_I[I] =  6.62333040517115251E+002
B0APF[DB_FIELD] =  2.63151674078077824E-001
B1PF[DB_FIELD] =  2.92584968292753322E-001
h5_tq05_i[i] = 0
h5_tq06_i[i] = 0
h5_tq11_i[i] = 0
Q1APR[K1] = -7.81732756959605118E-002
Q1BPR[K1] = -7.81732756959605118E-002
Q2PR[K1] =  4.35294451308942260E-002
H6_Q3[K1] = -6.59383917741501874E-002
H6_Q04_I[I] = -1.05857890184940558E+002
H6_Q05_I[I] =  2.39147464667465670E+002
H6_Q06_I[I] = -1.27666805051948600E+002
H6_Q07_I[I] =  2.22041648467564301E+002
H6_Q08_I[I] = -1.29111469911416293E+003
H6_Q09_I[I] =  2.73614146818682229E+002
H6_Q10_I[I] = -5.98079985976980879E+002
h6_tq05_i[i] = 0
h6_tq06_i[i] = 0
h6_tq07_i[i] = 0
H6_TQ08_I[I] =  76
h6_tq10_i[i] = 0
